#! FIELDS time theta sigma_theta height biasf
#! SET multivariate false
#! SET kerneltype gaussian
#! SET min_theta -pi
#! SET max_theta pi
      1.000000047497451      2.980476506316625                    0.5      2.520972415856761                     60
      2.000000094994903     -3.080219924100069                    0.5      2.482547999807792                     60
      3.000000142492354     -2.963480080274402                    0.5      2.447147653225458                     60
      4.000000189989805      3.083993219352158                    0.5      2.403878790495804                     60
      5.000000237487257      2.828996147114673                    0.5      2.390386687973131                     60
      6.000000284984708     -2.834652620877277                    0.5      2.370543101187725                     60
      7.000000332482159      -3.05445630267736                    0.5      2.305093258412719                     60
       8.00000037997961      2.754608502910974                    0.5      2.326985488019823                     60
      9.000000427477062     -3.024448965269881                    0.5      2.250446674081203                     60
      10.00000047497451      2.778705336703146                    0.5      2.263137839426016                     60
      11.00000052247196      -2.99104744086232                    0.5      2.201355243639843                     60
      12.00000056996942      2.567639963819865                    0.5      2.286303421290134                     60
      13.00000061746687     -2.582817502179009                    0.5      2.301634097211587                     60
      14.00000066496432     -2.720466381317424                    0.5      2.211738617435377                     60
      15.00000071246177     -2.788669918002507                    0.5      2.155339500289608                     60
      16.00000075995922     -2.926722616324112                    0.5       2.08855405851671                     60
      17.00000080745667      2.972555944653976                    0.5      2.072573876901311                     60
      18.00000085495412     -2.693812658460113                    0.5      2.117274266506427                     60
      19.00000090245157     -3.097957367315954                    0.5      1.997614143152559                     60
      20.00000094994903       2.60877099304465                    0.5      2.167162369326094                     60
      21.00000099744648      2.775770026473193                    0.5      2.053587736767568                     60
      22.00000104494393     -2.928443268716995                    0.5       1.96316118475635                     60
      23.00000109244138     -2.425038919504696                    0.5      2.189053313254864                     60
      24.00000113993883     -2.465984139545943                    0.5        2.1322475346109                     60
      25.00000118743628      -2.77530725129541                    0.5      1.945788085307267                     60
      26.00000123493373       2.35118005204069                    0.5      2.245164248938425                     60
      27.00000128243119      2.234325276853205                    0.5      2.275440179509685                     60
      28.00000132992864    -0.0579932004923478                    0.5      2.520972415856761                     60
      29.00000137742609    -0.3359649341009834                    0.5      2.484608667540909                     60
      30.00000142492354    -0.1853545409235715                    0.5      2.440630835675249                     60
      31.00000147242099    0.01362806207223688                    0.5      2.409945040249807                     60
      32.00000151991844   -0.03266224409856999                    0.5      2.367876721053344                     60
      33.00000156741589     0.6419082089457833                    0.5      2.454004142187332                     60
      34.00000161491334     0.1204631747276128                    0.5      2.324425074979878                     60
       35.0000016624108     0.1221212379134924                    0.5      2.288532650447153                     60
      36.00000170990825     0.3186925737340944                    0.5      2.286240232033343                     60
       37.0000017574057     0.3775993732317762                    0.5      2.265161485756222                     60
      38.00000180490315   -0.03838488067140666                    0.5      2.197238062860187                     60
       39.0000018524006    -0.6733543725880242                    0.5      2.363463169294075                     60
      40.00000189989805     0.1066094291227859                    0.5      2.150654467321366                     60
       41.0000019473955   -0.03172912427663377                    0.5      2.119562334825573                     60
      42.00000199489295    -0.1965570342728316                    0.5       2.11676618676459                     60
      43.00000204239041     0.3046564222651709                    0.5      2.112199815161641                     60
      44.00000208988786     0.2792082613971241                    0.5      2.074386174036634                     60
      45.00000213738531    -0.5610683842450115                    0.5      2.214009647061767                     60
      46.00000218488276     0.1345775222173753                    0.5      2.003989414980998                     60
      47.00000223238021     -2.046326914430017                    0.5      2.329450072429086                     60
      48.00000227987766   -0.08739615806444423                    0.5      1.979816633086624                     60
      49.00000232737511      1.455625850620406                    0.5      2.461304350631882                     60
      50.00000237487257     0.8623626181789543                    0.5      2.283387109112845                     60
      51.00000242237002    -0.5977336846376584                    0.5      2.171597450075786                     60
      52.00000246986747    -0.6084588774749897                    0.5      2.146115933816364                     60
      53.00000251736492      1.217448569437677                    0.5      2.370925484055421                     60
      54.00000256486237    -0.7832100424470885                    0.5      2.212304701973471                     60
      55.00000261235982      2.996234297348569                    0.5      1.881405438845776                     60
      56.00000265985727      2.324151310815573                    0.5      2.170661653739981                     60
      57.00000270735472      2.550527086123748                    0.5      2.021497885325923                     60
      58.00000275485218      2.914601876197259                    0.5      1.848026780595121                     60
      59.00000280234963      2.498296849715201                    0.5      2.003282051843324                     60
      60.00000284984708      2.876217956154259                    0.5      1.817363440249091                     60
      61.00000289734453      2.302730054758293                    0.5      2.072567010670807                     60
      62.00000294484198     0.5518967512660229                    0.5      2.072341689646757                     60
      63.00000299233943     0.8318270486406298                    0.5       2.17966586929749                     60
      64.00000303983688     -2.490387300754578                    0.5      2.021647099086886                     60
      65.00000308733433     -2.137830556519176                    0.5      2.216307322203933                     60
      66.00000313483179     -2.504947193022443                    0.5      1.962796951056508                     60
      67.00000318232924     -2.321607929572196                    0.5      2.047791588431042                     60
      68.00000322982669     -1.112211747551902                    0.5      2.329285099283866                     60
      69.00000327732414     -2.043033510484827                    0.5      2.184400928024821                     60
      70.00000332482159      2.895501442254393                    0.5      1.763985484156191                     60
      71.00000337231904      2.560161890253442                    0.5      1.880017651642428                     60
      72.00000341981649      2.057374696409035                    0.5      2.157011869271095                     60
      73.00000346731395    -0.3147660891780202                    0.5      1.937180503668575                     60
       74.0000035148114    -0.8578280676780632                    0.5      2.168562369291569                     60
      75.00000356230885     0.8972754324022674                    0.5       2.17274837071192                     60
       76.0000036098063    -0.4939326598798472                    0.5      1.962010010015017                     60
      77.00000365730375     0.4977303115312104                    0.5      1.961668825657032                     60
       78.0000037048012    0.05548159428056376                    0.5      1.817774578295397                     60
      79.00000375229865     0.9429227151551753                    0.5      2.134965985226799                     60
       80.0000037997961      -1.34093408918693                    0.5      2.304360621499738                     60
      81.00000384729356    -0.8695025082351049                    0.5      2.095363656619391                     60
      82.00000389479101    -0.4824273692562584                    0.5      1.887480657113096                     60
      83.00000394228846      1.057430283994415                    0.5      2.152805804151894                     60
      84.00000398978591      2.250508519736034                    0.5      2.010303504607023                     60
      85.00000403728336      2.250497546314482                    0.5      1.983308250836188                     60
      86.00000408478081     -3.008233295592598                    0.5      1.701821688991134                     60
      87.00000413227826     0.9513669000484768                    0.5      2.076287738598744                     60
      88.00000417977571   -0.08446298211455305                    0.5      1.765084628098684                     60
      89.00000422727317     0.4876654437546932                    0.5      1.850290589137369                     60
      90.00000427477062     0.3494836807957782                    0.5      1.781003500156658                     60
      91.00000432226807     -1.490838561851615                    0.5      2.265556315059912                     60
      92.00000436976552     -1.687319282338439                    0.5      2.225139631459244                     60
      93.00000441726297     0.9900635491010199                    0.5       2.03463601994586                     60
      94.00000446476042      1.506521973463839                    0.5      2.183826152267839                     60
      95.00000451225787     -1.311596068894107                    0.5      2.176540738520867                     60
      96.00000455975533      -2.27137996426342                    0.5      1.976412823255861                     60
      97.00000460725278     -2.648628160591643                    0.5      1.774679079210753                     60
      98.00000465475023     -3.067356346390424                    0.5       1.65294074029803                     60
      99.00000470224768     -2.172847761184163                    0.5      1.977702196014255                     60
      100.0000047497451    -0.6521824952487263                    0.5      1.898292274443015                     60
