#! FIELDS time theta lambda metad.bias
#! SET min_theta -pi
#! SET max_theta pi
 0.000000 3.037152 0.000000 0.000000
 0.020000 3.043901 0.000000 0.000000
 0.040000 3.140887 0.000000 0.000000
 0.060000 3.056843 0.000000 0.000000
 0.080000 2.916065 0.000000 0.000000
 0.100000 2.905010 0.000000 0.000000
 0.120000 2.999281 0.000000 2.435282
 0.140000 3.064183 0.000000 2.356470
 0.160000 3.141174 0.000000 2.217302
 0.180000 -3.134335 0.000000 2.201021
 0.200000 3.091330 0.000000 2.312680
 0.220000 2.958141 0.000000 4.819995
 0.240000 2.877731 0.000000 4.702518
 0.260000 2.973599 0.000000 4.829070
 0.280000 3.053662 0.000000 4.804910
 0.300000 3.074541 0.000000 4.779152
 0.320000 -3.051513 0.000000 6.631963
 0.340000 -2.935100 0.000000 5.878373
 0.360000 -2.967654 0.000000 6.112442
 0.380000 -2.988316 0.000000 6.252414
 0.400000 -3.028120 0.000000 6.500632
 0.420000 -3.068651 0.000000 9.084136
 0.440000 -3.042632 0.000000 8.953578
 0.460000 -3.070959 0.000000 9.094691
 0.480000 -3.140039 0.000000 9.329353
 0.500000 -3.092449 0.000000 9.184699
 0.520000 3.135391 0.000000 11.659367
 0.540000 3.108953 0.000000 11.682234
 0.560000 -3.107101 0.000000 11.564360
 0.580000 -3.043445 0.000000 11.274810
 0.600000 -2.965362 0.000000 10.703009
 0.620000 -2.973696 0.000000 13.078099
 0.640000 -3.012327 0.000000 13.367771
 0.660000 -2.944173 0.000000 12.812826
 0.680000 -2.865936 0.000000 11.946149
 0.700000 -2.882134 0.000000 12.143408
 0.720000 -3.139483 0.000000 15.812549
 0.740000 2.850561 0.000000 13.097009
 0.760000 2.776842 0.000000 11.893589
 0.780000 2.830030 0.000000 12.775365
 0.800000 2.940717 0.000000 14.346466
 0.820000 2.921357 0.000000 16.348987
 0.840000 2.854139 0.000000 15.365622
 0.860000 2.763385 0.000000 13.771614
 0.880000 2.796789 0.000000 14.387607
 0.900000 2.843445 0.000000 15.191972
 0.920000 2.824175 0.000000 17.101163
 0.940000 2.923774 0.000000 18.586151
 0.960000 3.072217 0.000000 19.725725
 0.980000 -2.922369 0.000000 17.755022
 1.000000 -2.597153 0.000000 11.107213
 1.020000 -2.432736 0.000000 9.776644
 1.040000 -2.482691 0.000000 10.853979
 1.060000 -2.739478 0.000000 16.484464
 1.080000 -3.030418 0.000000 20.689094
 1.100000 2.845868 0.000000 18.025880
 1.120000 2.717473 0.000000 17.519710
 1.140000 2.734340 0.000000 17.908960
 1.160000 2.664863 0.000000 16.258165
 1.180000 2.794900 0.000000 19.226733
 1.200000 3.030249 0.000000 22.568614
 1.220000 -2.948087 0.000000 23.053657
 1.240000 -2.924584 0.000000 22.650867
 1.260000 -3.034135 0.000000 24.226910
 1.280000 3.093453 0.000000 24.953409
 1.300000 2.970156 0.000000 24.150888
 1.320000 2.889523 0.000000 25.077775
 1.340000 2.685960 0.000000 20.235622
 1.360000 2.751516 0.000000 22.024623
 1.380000 3.070258 0.000000 26.955155
 1.400000 -2.756644 0.000000 20.126888
 1.420000 -2.537375 0.000000 15.854843
 1.440000 -2.629398 0.000000 18.610889
 1.460000 -2.794138 0.000000 23.287005
 1.480000 -3.126623 0.000000 28.493015
 1.500000 2.830460 0.000000 24.732746
 1.520000 2.541960 0.000000 18.017923
 1.540000 2.386235 0.000000 12.899630
 1.560000 2.337257 0.000000 11.409112
 1.580000 2.323162 0.000000 10.995599
 1.600000 2.350566 0.000000 11.806184
 1.620000 2.496439 0.000000 18.676756
 1.640000 2.712507 0.000000 25.348860
 1.660000 2.647072 0.000000 23.442757
 1.680000 2.418442 0.000000 16.185362
 1.700000 2.355772 0.000000 14.249663
 1.720000 2.194164 0.000000 11.899513
 1.740000 1.888077 0.000000 5.409022
 1.760000 1.910899 0.000000 5.782287
 1.780000 2.197206 0.000000 11.979723
 1.800000 2.376488 0.000000 17.127156
 1.820000 2.453541 0.000000 21.684156
 1.840000 2.435901 0.000000 21.146762
 1.860000 2.308208 0.000000 17.266488
 1.880000 2.253268 0.000000 15.645167
 1.900000 2.242021 0.000000 15.319519
 1.920000 2.304196 0.000000 19.361699
 1.940000 2.528698 0.000000 25.833586
 1.960000 2.687994 0.000000 29.772493
 1.980000 2.656182 0.000000 29.064079
 2.000000 2.812206 1.000000 0.000000
