#! FIELDS time theta lambda sigma_theta sigma_lambda height biasf
#! SET multivariate false
#! SET kerneltype gaussian
#! SET min_theta -pi
#! SET max_theta pi
     0.1000000047497451      2.905010067258756                      0                    0.5                 0.0001      2.520972415856761                     60
     0.2000000094994903      3.091329788384975                      0                    0.5                 0.0001      2.481403842799693                     60
     0.3000000142492354      3.074540681179127                      0                    0.5                 0.0001      2.439888118004174                     60
     0.4000000189989805      -3.02812010749778                      0                    0.5                 0.0001      2.411324397559344                     60
     0.5000000237487257     -3.092449132398896                      0                    0.5                 0.0001      2.367454591429506                     60
     0.6000000284984708     -2.965361832953293                      0                    0.5                 0.0001      2.342992909029193                     60
     0.7000000332482159     -2.882134309756635                      0                    0.5                 0.0001      2.320020143339697                     60
      0.800000037997961      2.940717378071488                      0                    0.5                 0.0001      2.285318749796068                     60
     0.9000000427477062      2.843445354576625                      0                    0.5                 0.0001      2.272139044782206                     60
      1.000000047497451     -2.597152560361186                      0                    0.5                 0.0001      2.336523435989324                     60
      1.100000052247196       2.84586762387815                      0                    0.5                 0.0001        2.2285160556762                     60
      1.200000056996942       3.03024864685231                      0                    0.5                 0.0001      2.160329271540717                     60
      1.300000061746687      2.970155577899601                      0                    0.5                 0.0001      2.137072404601488                     60
      1.400000066496432     -2.756643549328648                      0                    0.5                 0.0001      2.196716281530728                     60
      1.500000071246177      2.830460436018183                      0                    0.5                 0.0001      2.128583144364873                     60
      1.600000075995922      2.350566024336739                      0                    0.5                 0.0001      2.325378211352672                     60
      1.700000080745667       2.35577174636926                      0                    0.5                 0.0001      2.286832570362629                     60
      1.800000085495412      2.376488478234655                      0                    0.5                 0.0001      2.242258856767531                     60
      1.900000090245157      2.242020762471249                      0                    0.5                 0.0001      2.270157451919298                     60
      2.000000094994903      2.812205715936087                      1                    0.5                 0.0001      2.520972415856761                     60
