#! FIELDS time theta
#! SET min_theta -pi
#! SET max_theta pi
 0.000000 -0.056101
 1.000000 0.141583
 2.000000 -0.150590
 3.000000 0.135268
 4.000000 0.038553
 5.000000 0.276038
 6.000000 -0.202411
 7.000000 -0.119955
 8.000000 0.344799
 9.000000 0.146995
 10.000000 0.020134
 11.000000 -0.435437
 12.000000 -0.187476
 13.000000 0.194517
 14.000000 0.081392
 15.000000 0.038164
 16.000000 0.080529
 17.000000 0.255585
 18.000000 0.266230
 19.000000 0.067992
 20.000000 -0.472706
 21.000000 -0.158105
 22.000000 0.047577
 23.000000 0.077208
 24.000000 0.019154
 25.000000 0.384652
 26.000000 0.242962
 27.000000 0.450611
 28.000000 -0.078835
 29.000000 -0.045269
 30.000000 -0.107507
 31.000000 0.340951
 32.000000 -0.285836
 33.000000 -0.026863
 34.000000 -0.310219
 35.000000 -0.057933
 36.000000 -0.020773
 37.000000 0.195510
 38.000000 0.054986
 39.000000 -0.028594
 40.000000 -0.010262
 41.000000 -0.482674
 42.000000 -0.059351
 43.000000 -0.024392
 44.000000 0.070821
 45.000000 -0.409172
 46.000000 0.289558
 47.000000 -0.049783
 48.000000 0.223378
 49.000000 -0.058004
 50.000000 -0.094422
 51.000000 -0.142116
 52.000000 0.083349
 53.000000 -0.167083
 54.000000 0.197309
 55.000000 -0.024642
 56.000000 -0.110886
 57.000000 -0.323882
 58.000000 0.349798
 59.000000 -0.323600
 60.000000 -0.164269
 61.000000 -0.359941
 62.000000 -0.259179
 63.000000 0.023332
 64.000000 0.083813
 65.000000 0.296028
 66.000000 -0.048958
 67.000000 0.160431
 68.000000 0.081020
 69.000000 0.208369
 70.000000 0.304587
 71.000000 0.227821
 72.000000 0.261501
 73.000000 0.290189
 74.000000 -0.194651
 75.000000 0.185678
 76.000000 0.242763
 77.000000 -0.198444
 78.000000 -0.245567
 79.000000 -0.083013
 80.000000 -0.063196
 81.000000 0.040583
 82.000000 -0.033900
 83.000000 -0.140414
 84.000000 -0.119951
 85.000000 -0.247772
 86.000000 0.038411
 87.000000 -0.209546
 88.000000 0.051629
 89.000000 0.032364
 90.000000 -0.069065
 91.000000 -0.232666
 92.000000 -0.286928
 93.000000 0.030552
 94.000000 0.054650
 95.000000 -0.198832
 96.000000 -0.463846
 97.000000 -0.053451
 98.000000 0.248278
 99.000000 -0.015198
 100.000000 0.221051
 101.000000 -0.095265
 102.000000 -0.378526
 103.000000 -0.007644
 104.000000 -0.049394
 105.000000 -0.111517
 106.000000 -0.191141
 107.000000 0.167922
 108.000000 -0.079483
 109.000000 -0.220075
 110.000000 -0.082018
 111.000000 -0.017325
 112.000000 -0.054511
 113.000000 0.081877
 114.000000 0.108627
 115.000000 -0.078496
 116.000000 -0.278200
 117.000000 0.094810
 118.000000 -0.154257
 119.000000 -0.371807
 120.000000 -0.099823
 121.000000 0.047050
 122.000000 -0.274499
 123.000000 0.019404
 124.000000 -0.060715
 125.000000 0.158555
 126.000000 0.245669
 127.000000 -0.151128
 128.000000 0.216502
 129.000000 -0.136945
 130.000000 0.041163
 131.000000 -0.305812
 132.000000 -0.073171
 133.000000 -0.039594
 134.000000 0.083750
 135.000000 0.051584
 136.000000 -0.135726
 137.000000 0.277500
 138.000000 -0.029968
 139.000000 0.297008
 140.000000 -0.069493
 141.000000 -0.305386
 142.000000 0.193290
 143.000000 -0.091061
 144.000000 -0.092935
 145.000000 0.239099
 146.000000 -0.198493
 147.000000 0.279251
 148.000000 -0.000429
 149.000000 -0.209631
 150.000000 -0.045479
 151.000000 -0.089600
 152.000000 -0.194459
 153.000000 0.124463
 154.000000 0.102598
 155.000000 0.013619
 156.000000 -0.072468
 157.000000 0.179220
 158.000000 -0.004005
 159.000000 -0.011848
 160.000000 -0.113385
 161.000000 0.028522
 162.000000 -0.161848
 163.000000 0.100666
 164.000000 -0.069650
 165.000000 0.057269
 166.000000 -0.055159
 167.000000 -0.100630
 168.000000 0.145392
 169.000000 -0.125401
 170.000000 0.222561
 171.000000 -0.095312
 172.000000 -0.078408
 173.000000 -0.086214
 174.000000 -0.258521
 175.000000 0.257750
 176.000000 0.412187
 177.000000 -0.193928
 178.000000 0.126717
 179.000000 0.006696
 180.000000 -0.086675
 181.000000 0.157750
 182.000000 0.042065
 183.000000 0.177264
 184.000000 0.132801
 185.000000 -0.025995
 186.000000 -0.053779
 187.000000 -0.102116
 188.000000 0.137238
 189.000000 0.648995
 190.000000 0.107989
 191.000000 -0.083878
 192.000000 -0.146500
 193.000000 0.184844
 194.000000 -0.309772
 195.000000 -0.103182
 196.000000 0.099820
 197.000000 0.092238
 198.000000 -0.145382
 199.000000 0.343128
 200.000000 -0.330594
 201.000000 0.070355
 202.000000 -0.304917
 203.000000 -0.001476
 204.000000 0.055853
 205.000000 0.339974
 206.000000 0.090946
 207.000000 -0.201465
 208.000000 0.053552
 209.000000 0.179690
 210.000000 -0.099610
 211.000000 -0.122667
 212.000000 0.132679
 213.000000 -0.219227
 214.000000 -0.092325
 215.000000 -0.378042
 216.000000 0.043259
 217.000000 -0.073247
 218.000000 0.035662
 219.000000 -0.110606
 220.000000 0.032221
 221.000000 -0.265504
 222.000000 -0.331249
 223.000000 0.050982
 224.000000 0.185990
 225.000000 -0.252725
 226.000000 0.136120
 227.000000 -0.292307
 228.000000 -0.121050
 229.000000 -0.020313
 230.000000 0.081656
 231.000000 0.137150
 232.000000 0.085135
 233.000000 0.127526
 234.000000 0.291404
 235.000000 0.032185
 236.000000 -0.140946
 237.000000 -0.358350
 238.000000 -0.052544
 239.000000 -0.398552
 240.000000 0.044128
 241.000000 -0.227284
 242.000000 -0.070106
 243.000000 0.098224
 244.000000 0.147650
 245.000000 0.107220
 246.000000 -0.054412
 247.000000 0.172843
 248.000000 0.147254
 249.000000 0.001279
 250.000000 0.034962
 251.000000 -0.416775
 252.000000 -0.070260
 253.000000 -0.192568
 254.000000 -0.466829
 255.000000 -0.031537
 256.000000 -0.525062
 257.000000 -0.194754
 258.000000 -0.203080
 259.000000 0.401110
 260.000000 0.160264
 261.000000 0.067568
 262.000000 -0.145948
 263.000000 -0.073622
 264.000000 -0.067520
 265.000000 0.077134
 266.000000 0.043019
 267.000000 -0.023429
 268.000000 0.150705
 269.000000 -0.146355
 270.000000 -0.173095
 271.000000 0.252460
 272.000000 0.054789
 273.000000 -0.146329
 274.000000 -0.035504
 275.000000 0.167476
 276.000000 -0.112355
 277.000000 0.437935
 278.000000 -0.025707
 279.000000 0.308691
 280.000000 -0.102358
 281.000000 0.166552
 282.000000 -0.127312
 283.000000 0.281691
 284.000000 -0.115716
 285.000000 -0.099077
 286.000000 0.098316
 287.000000 0.163216
 288.000000 -0.075541
 289.000000 0.042561
 290.000000 0.140006
 291.000000 -0.204101
 292.000000 0.090285
 293.000000 -0.142255
 294.000000 0.021508
 295.000000 0.158636
 296.000000 -0.146681
 297.000000 0.681218
 298.000000 -0.257914
 299.000000 0.276560
 300.000000 -0.324451
 301.000000 -0.046159
 302.000000 0.427744
 303.000000 0.105926
 304.000000 0.069998
 305.000000 0.081793
 306.000000 -0.106592
 307.000000 0.535481
 308.000000 0.046110
 309.000000 0.091961
 310.000000 -0.018296
 311.000000 -0.196649
 312.000000 0.055186
 313.000000 -0.030601
 314.000000 -0.119498
 315.000000 -0.168104
 316.000000 -0.305509
 317.000000 -0.167703
 318.000000 -0.141542
 319.000000 -0.194592
 320.000000 0.241968
 321.000000 -0.073191
 322.000000 -0.272116
 323.000000 -0.163834
 324.000000 0.123203
 325.000000 0.065438
 326.000000 0.041232
 327.000000 -0.062409
 328.000000 0.240057
 329.000000 0.048861
 330.000000 -0.174485
 331.000000 0.211516
 332.000000 0.006926
 333.000000 0.076989
 334.000000 0.018822
 335.000000 0.034153
 336.000000 -0.131354
 337.000000 0.235358
 338.000000 -0.398562
 339.000000 0.060287
 340.000000 -0.366097
 341.000000 -0.064727
 342.000000 -0.100163
 343.000000 0.043051
 344.000000 0.100356
 345.000000 0.052844
 346.000000 0.230266
 347.000000 0.231487
 348.000000 -0.546487
 349.000000 0.054328
 350.000000 0.154721
 351.000000 -0.011109
 352.000000 -0.302077
 353.000000 -0.197314
 354.000000 0.079625
 355.000000 -0.382785
 356.000000 -0.156465
 357.000000 0.185566
 358.000000 0.143111
 359.000000 0.025755
 360.000000 0.209322
 361.000000 0.067134
 362.000000 -0.138058
 363.000000 0.169313
 364.000000 -0.012041
 365.000000 -0.013675
 366.000000 -0.216650
 367.000000 0.187136
 368.000000 -0.301312
 369.000000 0.026298
 370.000000 0.088262
 371.000000 -0.091604
 372.000000 0.293287
 373.000000 0.078581
 374.000000 0.176743
 375.000000 -0.151833
 376.000000 0.023263
 377.000000 0.109720
 378.000000 0.218368
 379.000000 -0.004514
 380.000000 0.061228
 381.000000 -0.206791
 382.000000 0.316396
 383.000000 0.311391
 384.000000 -0.022388
 385.000000 -0.026664
 386.000000 -0.053495
 387.000000 -0.052056
 388.000000 -0.126335
 389.000000 0.255548
 390.000000 0.156434
 391.000000 0.100817
 392.000000 0.461494
 393.000000 -0.012173
 394.000000 0.068307
 395.000000 0.018067
 396.000000 0.141719
 397.000000 -0.316347
 398.000000 -0.340374
 399.000000 0.040328
 400.000000 -0.065197
 401.000000 0.103632
 402.000000 -0.000685
 403.000000 0.456871
 404.000000 0.219440
 405.000000 0.175339
 406.000000 0.500797
 407.000000 -0.024052
 408.000000 0.004397
 409.000000 0.123318
 410.000000 0.084536
 411.000000 -0.207974
 412.000000 0.017891
 413.000000 0.240738
 414.000000 0.357686
 415.000000 -0.232929
 416.000000 0.179950
 417.000000 0.093330
 418.000000 0.458298
 419.000000 -0.288657
 420.000000 0.079564
 421.000000 -0.196929
 422.000000 -0.172980
 423.000000 0.198986
 424.000000 -0.086366
 425.000000 -0.178590
 426.000000 -0.088436
 427.000000 -0.277989
 428.000000 0.018435
 429.000000 -0.042609
 430.000000 -0.011466
 431.000000 0.129616
 432.000000 -0.222770
 433.000000 -0.142264
 434.000000 -0.159133
 435.000000 -0.162364
 436.000000 0.371993
 437.000000 0.331829
 438.000000 -0.081436
 439.000000 -0.169865
 440.000000 0.017788
 441.000000 -0.124262
 442.000000 0.178961
 443.000000 0.123986
 444.000000 -0.079834
 445.000000 0.114163
 446.000000 -0.162154
 447.000000 0.152615
 448.000000 0.333872
 449.000000 -0.105130
 450.000000 0.115602
 451.000000 0.172417
 452.000000 0.019269
 453.000000 0.089050
 454.000000 0.048661
 455.000000 -0.136815
 456.000000 0.128206
 457.000000 0.267602
 458.000000 0.214294
 459.000000 0.142117
 460.000000 -0.101524
 461.000000 -0.222598
 462.000000 -0.122829
 463.000000 -0.088698
 464.000000 0.040419
 465.000000 -0.097813
 466.000000 -0.212134
 467.000000 0.205442
 468.000000 -0.070605
 469.000000 0.574493
 470.000000 -0.191311
 471.000000 -0.188581
 472.000000 -0.208112
 473.000000 -0.194243
 474.000000 -0.066896
 475.000000 0.070239
 476.000000 0.063431
 477.000000 0.063730
 478.000000 0.013480
 479.000000 0.384809
 480.000000 -0.056691
 481.000000 -0.266995
 482.000000 0.164922
 483.000000 0.177259
 484.000000 -0.288343
 485.000000 0.255221
 486.000000 0.002676
 487.000000 0.020486
 488.000000 -0.077477
 489.000000 0.044686
 490.000000 -0.005329
 491.000000 -0.016452
 492.000000 -0.024416
 493.000000 -0.369027
 494.000000 -0.031326
 495.000000 0.071521
 496.000000 -0.275152
 497.000000 -0.172943
 498.000000 -0.333089
 499.000000 -0.021565
 500.000000 -0.048522
 501.000000 0.072744
 502.000000 -0.121312
 503.000000 -0.448818
 504.000000 0.034602
 505.000000 -0.243016
 506.000000 0.232543
 507.000000 0.071339
 508.000000 0.054726
 509.000000 0.164316
 510.000000 -0.003777
 511.000000 -0.029425
 512.000000 -0.038003
 513.000000 0.449068
 514.000000 0.025637
 515.000000 -0.298362
 516.000000 -0.269114
 517.000000 0.116732
 518.000000 -0.162003
 519.000000 -0.136666
 520.000000 0.142580
 521.000000 -0.159380
 522.000000 0.207427
 523.000000 -0.105025
 524.000000 0.069292
 525.000000 0.387602
 526.000000 0.299391
 527.000000 -0.000424
 528.000000 -0.039288
 529.000000 0.073979
 530.000000 0.004520
 531.000000 0.045521
 532.000000 0.062384
 533.000000 0.005363
 534.000000 0.343098
 535.000000 0.393444
 536.000000 0.214590
 537.000000 -0.062653
 538.000000 0.175849
 539.000000 0.272768
 540.000000 -0.323179
 541.000000 0.186120
 542.000000 -0.040770
 543.000000 0.188106
 544.000000 0.510408
 545.000000 0.263177
 546.000000 0.164535
 547.000000 -0.268050
 548.000000 -0.231498
 549.000000 -0.077587
 550.000000 0.042188
 551.000000 -0.240514
 552.000000 -0.063779
 553.000000 -0.134133
 554.000000 -0.588279
 555.000000 0.514313
 556.000000 0.069815
 557.000000 -0.037081
 558.000000 -0.089522
 559.000000 -0.250302
 560.000000 0.118039
 561.000000 -0.230857
 562.000000 -0.036516
 563.000000 -0.161289
 564.000000 -0.066965
 565.000000 0.070722
 566.000000 0.140974
 567.000000 0.140912
 568.000000 -0.043865
 569.000000 -0.161280
 570.000000 -0.035252
 571.000000 -0.190759
 572.000000 -0.071880
 573.000000 -0.075686
 574.000000 0.067264
 575.000000 0.316174
 576.000000 0.020520
 577.000000 0.174682
 578.000000 -0.271441
 579.000000 -0.174982
 580.000000 -0.385625
 581.000000 -0.043154
 582.000000 0.156728
 583.000000 -0.377540
 584.000000 -0.316110
 585.000000 -0.172996
 586.000000 -0.010845
 587.000000 -0.141328
 588.000000 0.361277
 589.000000 -0.076331
 590.000000 0.012617
 591.000000 0.087727
 592.000000 0.031413
 593.000000 -0.069843
 594.000000 0.127007
 595.000000 0.183589
 596.000000 -0.179464
 597.000000 -0.169732
 598.000000 -0.328587
 599.000000 -0.149712
 600.000000 0.318173
 601.000000 -0.112644
 602.000000 0.135602
 603.000000 -0.063376
 604.000000 -0.125197
 605.000000 0.190524
 606.000000 -0.098050
 607.000000 0.280148
 608.000000 0.145345
 609.000000 -0.032712
 610.000000 0.280016
 611.000000 0.339766
 612.000000 -0.251868
 613.000000 0.255812
 614.000000 -0.147400
 615.000000 -0.147252
 616.000000 -0.397467
 617.000000 -0.091556
 618.000000 0.020995
 619.000000 -0.003688
 620.000000 -0.429323
 621.000000 0.096566
 622.000000 -0.029210
 623.000000 -0.239080
 624.000000 -0.335941
 625.000000 0.194913
 626.000000 -0.011626
 627.000000 -0.084256
 628.000000 0.185340
 629.000000 -0.303980
 630.000000 -0.371344
 631.000000 0.213294
 632.000000 0.247359
 633.000000 0.160202
 634.000000 -0.294949
 635.000000 0.058295
 636.000000 0.098654
 637.000000 -0.000230
 638.000000 0.330711
 639.000000 0.136784
 640.000000 0.108866
 641.000000 0.124791
 642.000000 0.522251
 643.000000 -0.077020
 644.000000 0.159887
 645.000000 -0.008344
 646.000000 0.137642
 647.000000 -0.073127
 648.000000 0.332928
 649.000000 -0.250838
 650.000000 0.291145
 651.000000 -0.038915
 652.000000 -0.101986
 653.000000 -0.194158
 654.000000 -0.036461
 655.000000 -0.068405
 656.000000 0.129778
 657.000000 0.073161
 658.000000 -0.070504
 659.000000 0.258556
 660.000000 -0.005693
 661.000000 -0.299033
 662.000000 0.194368
 663.000000 0.223519
 664.000000 0.077209
 665.000000 0.409343
 666.000000 0.147242
 667.000000 -0.127838
 668.000000 0.018895
 669.000000 0.316629
 670.000000 0.030398
 671.000000 0.067355
 672.000000 0.206552
 673.000000 -0.239424
 674.000000 -0.010741
 675.000000 0.179926
 676.000000 0.056361
 677.000000 0.021447
 678.000000 -0.271749
 679.000000 -0.060868
 680.000000 0.207419
 681.000000 -0.141324
 682.000000 0.382104
 683.000000 -0.400052
 684.000000 0.133925
 685.000000 0.181499
 686.000000 -0.161773
 687.000000 0.204160
 688.000000 0.031812
 689.000000 0.000640
 690.000000 0.085410
 691.000000 0.021845
 692.000000 0.305231
 693.000000 0.003822
 694.000000 -0.210344
 695.000000 -0.341874
 696.000000 -0.196329
 697.000000 0.142862
 698.000000 0.002623
 699.000000 0.024840
 700.000000 0.156374
 701.000000 0.352586
 702.000000 0.036885
 703.000000 0.061306
 704.000000 -0.394550
 705.000000 0.032999
 706.000000 -0.053827
 707.000000 0.128985
 708.000000 -0.037551
 709.000000 -0.282634
 710.000000 -0.147696
 711.000000 -0.058802
 712.000000 -0.091405
 713.000000 -0.677131
 714.000000 0.427217
 715.000000 -0.247331
 716.000000 -0.106750
 717.000000 -0.350680
 718.000000 0.039735
 719.000000 -0.377089
 720.000000 0.045044
 721.000000 0.349148
 722.000000 0.149750
 723.000000 -0.135547
 724.000000 0.125813
 725.000000 0.128102
 726.000000 0.071599
 727.000000 -0.098641
 728.000000 0.126620
 729.000000 -0.105706
 730.000000 0.029236
 731.000000 0.067059
 732.000000 0.142791
 733.000000 -0.056702
 734.000000 -0.098369
 735.000000 -0.376878
 736.000000 0.063293
 737.000000 0.355600
 738.000000 0.048214
 739.000000 -0.114751
 740.000000 -0.123555
 741.000000 -0.041422
 742.000000 0.260289
 743.000000 -0.144601
 744.000000 0.087153
 745.000000 0.050508
 746.000000 0.170866
 747.000000 0.030485
 748.000000 -0.222430
 749.000000 0.183554
 750.000000 0.059735
 751.000000 0.100213
 752.000000 -0.054986
 753.000000 -0.056366
 754.000000 0.186258
 755.000000 -0.136708
 756.000000 -0.093711
 757.000000 0.069931
 758.000000 0.200900
 759.000000 0.011372
 760.000000 0.258409
 761.000000 -0.160577
 762.000000 0.066658
 763.000000 -0.234483
 764.000000 0.115756
 765.000000 -0.051996
 766.000000 0.439507
 767.000000 -0.166844
 768.000000 -0.147592
 769.000000 0.071591
 770.000000 0.082346
 771.000000 0.094189
 772.000000 -0.072060
 773.000000 0.061203
 774.000000 -0.083439
 775.000000 -0.046106
 776.000000 -0.059193
 777.000000 0.232190
 778.000000 0.007133
 779.000000 0.242497
 780.000000 -0.112464
 781.000000 0.195255
 782.000000 0.353400
 783.000000 0.010918
 784.000000 -0.311462
 785.000000 -0.138406
 786.000000 0.097473
 787.000000 0.146815
 788.000000 0.235115
 789.000000 -0.029381
 790.000000 0.112427
 791.000000 0.134946
 792.000000 0.122922
 793.000000 0.196187
 794.000000 -0.327132
 795.000000 -0.024751
 796.000000 -0.091185
 797.000000 0.021842
 798.000000 0.157386
 799.000000 -0.194741
 800.000000 -0.026835
 801.000000 0.242308
 802.000000 0.033054
 803.000000 -0.242873
 804.000000 0.395574
 805.000000 -0.182130
 806.000000 -0.086293
 807.000000 0.131955
 808.000000 0.534727
 809.000000 0.186657
 810.000000 -0.130730
 811.000000 -0.183609
 812.000000 0.346549
 813.000000 -0.148678
 814.000000 -0.243846
 815.000000 0.211205
 816.000000 0.142890
 817.000000 0.085310
 818.000000 0.031357
 819.000000 0.028893
 820.000000 0.063813
 821.000000 -0.033990
 822.000000 0.168057
 823.000000 0.227544
 824.000000 -0.183903
 825.000000 0.122877
 826.000000 -0.369005
 827.000000 -0.021337
 828.000000 -0.095651
 829.000000 -0.028115
 830.000000 0.026963
 831.000000 0.051867
 832.000000 -0.124730
 833.000000 -0.119412
 834.000000 0.369950
 835.000000 0.055960
 836.000000 0.258748
 837.000000 -0.083021
 838.000000 0.484188
 839.000000 0.066934
 840.000000 0.103021
 841.000000 -0.089716
 842.000000 0.542898
 843.000000 0.193451
 844.000000 0.278618
 845.000000 -0.053505
 846.000000 -0.055202
 847.000000 -0.162321
 848.000000 0.014423
 849.000000 0.019910
 850.000000 0.172338
 851.000000 0.068957
 852.000000 0.109537
 853.000000 -0.125534
 854.000000 -0.024836
 855.000000 -0.211127
 856.000000 -0.120488
 857.000000 0.085741
 858.000000 0.005020
 859.000000 0.042487
 860.000000 0.077464
 861.000000 -0.233572
 862.000000 -0.293016
 863.000000 -0.121853
 864.000000 -0.056907
 865.000000 0.320487
 866.000000 0.178739
 867.000000 -0.305242
 868.000000 0.205125
 869.000000 -0.056891
 870.000000 -0.192153
 871.000000 -0.105910
 872.000000 0.272916
 873.000000 0.049186
 874.000000 0.288578
 875.000000 -0.101650
 876.000000 0.030282
 877.000000 0.160941
 878.000000 0.315974
 879.000000 0.031359
 880.000000 -0.331559
 881.000000 -0.021753
 882.000000 0.016424
 883.000000 0.087260
 884.000000 -0.154971
 885.000000 0.059962
 886.000000 0.093383
 887.000000 -0.009336
 888.000000 0.168557
 889.000000 -0.076284
 890.000000 0.351889
 891.000000 0.184417
 892.000000 0.320431
 893.000000 -0.033755
 894.000000 0.003852
 895.000000 0.055196
 896.000000 0.161717
 897.000000 -0.021838
 898.000000 -0.172616
 899.000000 -0.019830
 900.000000 -0.251204
 901.000000 -0.307204
 902.000000 0.190585
 903.000000 0.207491
 904.000000 0.283794
 905.000000 0.132103
 906.000000 -0.394634
 907.000000 -0.250425
 908.000000 -0.199341
 909.000000 -0.157227
 910.000000 0.179873
 911.000000 -0.185605
 912.000000 0.006781
 913.000000 0.116703
 914.000000 0.144572
 915.000000 -0.050741
 916.000000 -0.056849
 917.000000 -0.064885
 918.000000 0.251318
 919.000000 -0.300496
 920.000000 -0.015633
 921.000000 0.058040
 922.000000 -0.087039
 923.000000 0.200838
 924.000000 0.000145
 925.000000 0.182539
 926.000000 -0.254796
 927.000000 0.022690
 928.000000 0.031383
 929.000000 0.385362
 930.000000 0.245677
 931.000000 0.012015
 932.000000 -0.142681
 933.000000 -0.103206
 934.000000 0.075842
 935.000000 0.165931
 936.000000 0.050153
 937.000000 0.068587
 938.000000 0.116172
 939.000000 -0.128260
 940.000000 -0.140395
 941.000000 -0.185650
 942.000000 0.075506
 943.000000 0.093960
 944.000000 0.146823
 945.000000 -0.068925
 946.000000 -0.175496
 947.000000 0.185164
 948.000000 0.030073
 949.000000 0.120772
 950.000000 -0.287477
 951.000000 0.153570
 952.000000 -0.032013
 953.000000 -0.481263
 954.000000 0.167497
 955.000000 -0.022964
 956.000000 0.085088
 957.000000 0.016310
 958.000000 -0.123793
 959.000000 -0.240106
 960.000000 0.292590
 961.000000 0.012979
 962.000000 -0.076856
 963.000000 -0.008922
 964.000000 -0.241996
 965.000000 -0.114065
 966.000000 0.008487
 967.000000 0.308082
 968.000000 0.367928
 969.000000 0.035437
 970.000000 0.071253
 971.000000 -0.358781
 972.000000 -0.205062
 973.000000 0.054894
 974.000000 0.161117
 975.000000 -0.124278
 976.000000 0.132941
 977.000000 -0.067232
 978.000000 0.239564
 979.000000 -0.525191
 980.000000 -0.059079
 981.000000 -0.077317
 982.000000 -0.049083
 983.000000 0.166098
 984.000000 -0.048990
 985.000000 -0.026320
 986.000000 0.037744
 987.000000 -0.389388
 988.000000 -0.036408
 989.000000 -0.010359
 990.000000 0.355970
 991.000000 0.329278
 992.000000 -0.028028
 993.000000 0.270670
 994.000000 -0.266356
 995.000000 0.506957
 996.000000 0.266675
 997.000000 0.111620
 998.000000 0.042782
 999.000000 -0.190436
 1000.000000 0.256480
 1001.000000 0.127697
 1002.000000 0.216610
 1003.000000 0.006150
 1004.000000 0.063093
 1005.000000 -0.147486
 1006.000000 0.124866
 1007.000000 0.120342
 1008.000000 -0.038243
 1009.000000 0.079690
 1010.000000 -0.003112
 1011.000000 0.120287
 1012.000000 -0.082375
 1013.000000 -0.207855
 1014.000000 -0.163400
 1015.000000 -0.454047
 1016.000000 0.054631
 1017.000000 -0.176907
 1018.000000 -0.310170
 1019.000000 -0.229174
 1020.000000 0.107924
 1021.000000 0.212310
 1022.000000 -0.179600
 1023.000000 -0.286124
 1024.000000 -0.143548
 1025.000000 0.334981
 1026.000000 0.002708
 1027.000000 -0.238914
 1028.000000 0.109666
 1029.000000 -0.065534
 1030.000000 -0.136961
 1031.000000 -0.246989
 1032.000000 -0.360047
 1033.000000 -0.116006
 1034.000000 0.065065
 1035.000000 -0.016937
 1036.000000 0.132048
 1037.000000 0.121019
 1038.000000 0.158407
 1039.000000 0.366014
 1040.000000 0.012382
 1041.000000 0.075373
 1042.000000 0.160816
 1043.000000 0.148203
 1044.000000 -0.111137
 1045.000000 0.011680
 1046.000000 -0.468459
 1047.000000 -0.058199
 1048.000000 0.020226
 1049.000000 0.423473
 1050.000000 -0.200471
 1051.000000 0.207787
 1052.000000 0.134394
 1053.000000 0.354045
 1054.000000 -0.244975
 1055.000000 -0.266103
 1056.000000 0.329913
 1057.000000 0.221261
 1058.000000 0.254897
 1059.000000 0.157690
 1060.000000 0.082924
 1061.000000 0.164957
 1062.000000 -0.245607
 1063.000000 -0.017898
 1064.000000 0.197585
 1065.000000 0.141488
 1066.000000 -0.297396
 1067.000000 0.018436
 1068.000000 0.049499
 1069.000000 0.304284
 1070.000000 0.111137
 1071.000000 -0.114868
 1072.000000 0.241684
 1073.000000 -0.040899
 1074.000000 -0.112251
 1075.000000 0.043903
 1076.000000 0.048635
 1077.000000 0.006392
 1078.000000 -0.070348
 1079.000000 -0.148873
 1080.000000 -0.319924
 1081.000000 -0.057091
 1082.000000 -0.087131
 1083.000000 0.292149
 1084.000000 -0.085334
 1085.000000 0.343056
 1086.000000 0.026727
 1087.000000 -0.229840
 1088.000000 -0.381229
 1089.000000 -0.078779
 1090.000000 0.207277
 1091.000000 0.047599
 1092.000000 0.166514
 1093.000000 0.057008
 1094.000000 0.586435
 1095.000000 -0.277563
 1096.000000 0.001498
 1097.000000 0.168869
 1098.000000 -0.096655
 1099.000000 -0.030966
 1100.000000 -0.072689
 1101.000000 -0.376487
 1102.000000 0.058298
 1103.000000 0.122049
 1104.000000 0.117145
 1105.000000 -0.236932
 1106.000000 -0.117970
 1107.000000 0.073038
 1108.000000 -0.126956
 1109.000000 0.122706
 1110.000000 -0.006737
 1111.000000 0.176745
 1112.000000 0.229344
 1113.000000 0.221428
 1114.000000 -0.026267
 1115.000000 -0.130149
 1116.000000 0.106305
 1117.000000 0.442215
 1118.000000 -0.263093
 1119.000000 -0.127104
 1120.000000 0.204928
 1121.000000 -0.555415
 1122.000000 -0.272320
 1123.000000 0.118164
 1124.000000 -0.046084
 1125.000000 0.103797
 1126.000000 -0.072349
 1127.000000 0.466976
 1128.000000 -0.115075
 1129.000000 0.091449
 1130.000000 -0.489503
 1131.000000 -0.320715
 1132.000000 -0.089402
 1133.000000 0.083220
 1134.000000 0.221660
 1135.000000 -0.375068
 1136.000000 -0.176898
 1137.000000 0.477483
 1138.000000 0.088055
 1139.000000 -0.020403
 1140.000000 0.376592
 1141.000000 -0.084781
 1142.000000 -0.155358
 1143.000000 0.021699
 1144.000000 -0.347398
 1145.000000 -0.283354
 1146.000000 0.085840
 1147.000000 -0.069465
 1148.000000 -0.182794
 1149.000000 -0.100656
 1150.000000 -0.061266
 1151.000000 -0.275885
 1152.000000 -0.339791
 1153.000000 0.355624
 1154.000000 0.121155
 1155.000000 0.127748
 1156.000000 -0.075233
 1157.000000 -0.389757
 1158.000000 -0.500087
 1159.000000 0.456850
 1160.000000 -0.112874
 1161.000000 -0.363240
 1162.000000 -0.258282
 1163.000000 0.010872
 1164.000000 -0.191488
 1165.000000 -0.280989
 1166.000000 0.135564
 1167.000000 0.120952
 1168.000000 -0.333796
 1169.000000 -0.092582
 1170.000000 0.196292
 1171.000000 -0.228876
 1172.000000 0.094049
 1173.000000 0.213675
 1174.000000 0.004181
 1175.000000 -0.054165
 1176.000000 0.275977
 1177.000000 0.068188
 1178.000000 -0.039409
 1179.000000 -0.230416
 1180.000000 0.095091
 1181.000000 -0.134002
 1182.000000 -0.352863
 1183.000000 -0.011351
 1184.000000 0.057518
 1185.000000 0.053870
 1186.000000 0.163357
 1187.000000 0.004089
 1188.000000 0.104314
 1189.000000 0.193123
 1190.000000 0.060332
 1191.000000 0.227622
 1192.000000 -0.341214
 1193.000000 0.192572
 1194.000000 0.238238
 1195.000000 0.230130
 1196.000000 -0.032796
 1197.000000 -0.127786
 1198.000000 0.032439
 1199.000000 -0.087006
 1200.000000 0.105443
 1201.000000 -0.093481
 1202.000000 0.343174
 1203.000000 0.515422
 1204.000000 -0.481357
 1205.000000 0.159457
 1206.000000 0.097645
 1207.000000 0.027945
 1208.000000 -0.345343
 1209.000000 -0.129606
 1210.000000 -0.058697
 1211.000000 0.051811
 1212.000000 -0.009665
 1213.000000 -0.011692
 1214.000000 -0.160381
 1215.000000 0.284478
 1216.000000 0.226537
 1217.000000 -0.502083
 1218.000000 0.066774
 1219.000000 0.057395
 1220.000000 -0.011849
 1221.000000 0.158484
 1222.000000 -0.164300
 1223.000000 0.004748
 1224.000000 -0.438649
 1225.000000 0.008772
 1226.000000 0.267060
 1227.000000 -0.088882
 1228.000000 0.321266
 1229.000000 -0.298534
 1230.000000 -0.360754
 1231.000000 0.295076
 1232.000000 0.065925
 1233.000000 -0.041121
 1234.000000 -0.160028
 1235.000000 -0.396703
 1236.000000 0.056027
 1237.000000 -0.345068
 1238.000000 -0.203611
 1239.000000 -0.029543
 1240.000000 0.172634
 1241.000000 -0.353428
 1242.000000 -0.109725
 1243.000000 0.006378
 1244.000000 0.388801
 1245.000000 0.115605
 1246.000000 0.077396
 1247.000000 -0.032544
 1248.000000 0.052310
 1249.000000 -0.052206
 1250.000000 0.237892
 1251.000000 -0.099911
 1252.000000 -0.144261
 1253.000000 0.304220
 1254.000000 -0.080308
 1255.000000 0.260946
 1256.000000 0.063032
 1257.000000 -0.255862
 1258.000000 0.014425
 1259.000000 0.042412
 1260.000000 0.007682
 1261.000000 0.215925
 1262.000000 0.164477
 1263.000000 0.090906
 1264.000000 -0.234972
 1265.000000 -0.227758
 1266.000000 -0.199761
 1267.000000 0.177580
 1268.000000 0.250375
 1269.000000 -0.208476
 1270.000000 -0.096590
 1271.000000 0.056412
 1272.000000 -0.244915
 1273.000000 0.140584
 1274.000000 0.095784
 1275.000000 0.025543
 1276.000000 0.162964
 1277.000000 0.212567
 1278.000000 -0.075071
 1279.000000 -0.248778
 1280.000000 0.017664
 1281.000000 0.305318
 1282.000000 -0.386940
 1283.000000 0.045808
 1284.000000 0.350389
 1285.000000 0.012413
 1286.000000 -0.010426
 1287.000000 -0.047729
 1288.000000 -0.124811
 1289.000000 -0.079488
 1290.000000 -0.035342
 1291.000000 -0.284545
 1292.000000 -0.138721
 1293.000000 -0.077641
 1294.000000 0.276479
 1295.000000 0.005452
 1296.000000 -0.138720
 1297.000000 0.013833
 1298.000000 -0.075069
 1299.000000 -0.046220
 1300.000000 -0.139319
 1301.000000 0.102579
 1302.000000 0.072670
 1303.000000 -0.088995
 1304.000000 0.206000
 1305.000000 0.326370
 1306.000000 0.141329
 1307.000000 0.265258
 1308.000000 -0.008359
 1309.000000 0.018389
 1310.000000 -0.164500
 1311.000000 -0.136989
 1312.000000 -0.147288
 1313.000000 -0.030943
 1314.000000 -0.355354
 1315.000000 0.048589
 1316.000000 0.127389
 1317.000000 -0.047820
 1318.000000 -0.004445
 1319.000000 -0.186093
 1320.000000 0.100345
 1321.000000 -0.165078
 1322.000000 -0.040224
 1323.000000 0.107475
 1324.000000 -0.288371
 1325.000000 0.217428
 1326.000000 -0.019549
 1327.000000 -0.281913
 1328.000000 -0.008474
 1329.000000 -0.258324
 1330.000000 0.088815
 1331.000000 0.121633
 1332.000000 0.150264
 1333.000000 -0.057190
 1334.000000 -0.263525
 1335.000000 -0.041060
 1336.000000 -0.114565
 1337.000000 0.268812
 1338.000000 -0.179778
 1339.000000 0.152174
 1340.000000 -0.015202
 1341.000000 -0.354710
 1342.000000 -0.063683
 1343.000000 0.149115
 1344.000000 -0.133849
 1345.000000 -0.213191
 1346.000000 0.340412
 1347.000000 0.091163
 1348.000000 -0.035306
 1349.000000 0.241518
 1350.000000 -0.195829
 1351.000000 0.078227
 1352.000000 -0.326334
 1353.000000 0.275526
 1354.000000 0.321505
 1355.000000 0.093272
 1356.000000 -0.010356
 1357.000000 0.225071
 1358.000000 -0.046418
 1359.000000 0.213477
 1360.000000 -0.078080
 1361.000000 -0.252438
 1362.000000 -0.126247
 1363.000000 -0.070935
 1364.000000 -0.019061
 1365.000000 -0.001191
 1366.000000 -0.072756
 1367.000000 -0.165577
 1368.000000 0.334728
 1369.000000 0.175097
 1370.000000 -0.028376
 1371.000000 0.016567
 1372.000000 -0.076665
 1373.000000 0.074451
 1374.000000 0.108321
 1375.000000 0.100479
 1376.000000 -0.056489
 1377.000000 0.044394
 1378.000000 0.243871
 1379.000000 -0.198962
 1380.000000 -0.068405
 1381.000000 0.343087
 1382.000000 0.064330
 1383.000000 0.252351
 1384.000000 -0.246972
 1385.000000 -0.271580
 1386.000000 -0.364162
 1387.000000 0.043115
 1388.000000 -0.132906
 1389.000000 -0.088359
 1390.000000 0.215615
 1391.000000 -0.177725
 1392.000000 0.126130
 1393.000000 0.017303
 1394.000000 -0.037245
 1395.000000 0.201156
 1396.000000 0.265254
 1397.000000 -0.144825
 1398.000000 0.053457
 1399.000000 -0.175256
 1400.000000 0.150489
 1401.000000 0.322083
 1402.000000 0.146217
 1403.000000 0.164522
 1404.000000 0.241082
 1405.000000 0.244234
 1406.000000 0.154799
 1407.000000 -0.122356
 1408.000000 -0.169276
 1409.000000 0.360717
 1410.000000 0.146774
 1411.000000 0.127634
 1412.000000 -0.002535
 1413.000000 -0.050720
 1414.000000 0.050107
 1415.000000 0.162404
 1416.000000 -0.078916
 1417.000000 -0.164289
 1418.000000 0.260688
 1419.000000 -0.090303
 1420.000000 0.437901
 1421.000000 -0.166127
 1422.000000 -0.401946
 1423.000000 -0.042448
 1424.000000 -0.261187
 1425.000000 -0.197572
 1426.000000 -0.320300
 1427.000000 -0.216932
 1428.000000 0.007455
 1429.000000 0.212852
 1430.000000 0.087626
 1431.000000 -0.197088
 1432.000000 -0.237710
 1433.000000 0.187218
 1434.000000 -0.290001
 1435.000000 0.029809
 1436.000000 0.206467
 1437.000000 0.051648
 1438.000000 -0.238444
 1439.000000 0.132394
 1440.000000 0.003212
 1441.000000 -0.264947
 1442.000000 0.133774
 1443.000000 0.274823
 1444.000000 -0.149243
 1445.000000 -0.092530
 1446.000000 -0.246172
 1447.000000 -0.132921
 1448.000000 -0.084000
 1449.000000 -0.266421
 1450.000000 0.122011
 1451.000000 0.461383
 1452.000000 -0.006742
 1453.000000 0.503920
 1454.000000 0.036361
 1455.000000 -0.074606
 1456.000000 0.059070
 1457.000000 0.304607
 1458.000000 -0.101144
 1459.000000 0.184691
 1460.000000 0.218819
 1461.000000 0.094444
 1462.000000 -0.087668
 1463.000000 -0.080424
 1464.000000 0.049408
 1465.000000 -0.147150
 1466.000000 -0.167960
 1467.000000 -0.110257
 1468.000000 0.207814
 1469.000000 0.105065
 1470.000000 0.423372
 1471.000000 0.211171
 1472.000000 0.047031
 1473.000000 0.106185
 1474.000000 -0.220263
 1475.000000 -0.151439
 1476.000000 -0.175542
 1477.000000 -0.192447
 1478.000000 0.160268
 1479.000000 -0.020823
 1480.000000 0.139388
 1481.000000 0.288654
 1482.000000 0.050148
 1483.000000 -0.153144
 1484.000000 -0.185082
 1485.000000 -0.196540
 1486.000000 -0.014524
 1487.000000 0.398993
 1488.000000 0.123447
 1489.000000 0.386002
 1490.000000 0.140795
 1491.000000 0.169393
 1492.000000 0.018680
 1493.000000 0.323492
 1494.000000 -0.119817
 1495.000000 -0.119463
 1496.000000 -0.275827
 1497.000000 -0.435149
 1498.000000 0.117693
 1499.000000 0.103145
 1500.000000 -0.181153
 1501.000000 -0.079190
 1502.000000 0.248410
 1503.000000 -0.013462
 1504.000000 0.044963
 1505.000000 0.038670
 1506.000000 0.294779
 1507.000000 0.082184
 1508.000000 0.266250
 1509.000000 0.040728
 1510.000000 -0.127223
 1511.000000 0.245732
 1512.000000 -0.430080
 1513.000000 -0.035415
 1514.000000 0.186916
 1515.000000 0.217479
 1516.000000 0.205299
 1517.000000 0.022693
 1518.000000 0.016776
 1519.000000 0.024453
 1520.000000 0.069479
 1521.000000 -0.151145
 1522.000000 -0.033371
 1523.000000 -0.139834
 1524.000000 0.663155
 1525.000000 0.033663
 1526.000000 -0.026203
 1527.000000 -0.225013
 1528.000000 -0.054216
 1529.000000 -0.058187
 1530.000000 -0.172220
 1531.000000 -0.014057
 1532.000000 0.206137
 1533.000000 0.269288
 1534.000000 -0.211598
 1535.000000 0.348621
 1536.000000 0.011843
 1537.000000 -0.070110
 1538.000000 0.065465
 1539.000000 -0.111366
 1540.000000 -0.280270
 1541.000000 0.377337
 1542.000000 -0.018057
 1543.000000 -0.101048
 1544.000000 0.101737
 1545.000000 0.099196
 1546.000000 -0.014577
 1547.000000 0.158520
 1548.000000 -0.235297
 1549.000000 -0.326133
 1550.000000 -0.259677
 1551.000000 -0.303655
 1552.000000 0.340419
 1553.000000 0.058870
 1554.000000 0.186343
 1555.000000 0.253255
 1556.000000 -0.063076
 1557.000000 -0.317606
 1558.000000 -0.247316
 1559.000000 0.086231
 1560.000000 -0.018343
 1561.000000 -0.152226
 1562.000000 -0.147911
 1563.000000 0.067647
 1564.000000 -0.190321
 1565.000000 0.038378
 1566.000000 -0.184480
 1567.000000 -0.089878
 1568.000000 -0.215852
 1569.000000 0.095644
 1570.000000 -0.319402
 1571.000000 -0.320508
 1572.000000 -0.168532
 1573.000000 -0.006494
 1574.000000 0.226634
 1575.000000 0.167823
 1576.000000 -0.113238
 1577.000000 0.222660
 1578.000000 0.004946
 1579.000000 -0.080420
 1580.000000 -0.311306
 1581.000000 -0.149647
 1582.000000 0.285074
 1583.000000 -0.198404
 1584.000000 -0.428740
 1585.000000 -0.014350
 1586.000000 0.086037
 1587.000000 0.185805
 1588.000000 0.180476
 1589.000000 -0.228489
 1590.000000 -0.052676
 1591.000000 0.294262
 1592.000000 -0.220260
 1593.000000 -0.343876
 1594.000000 -0.144745
 1595.000000 -0.274403
 1596.000000 -0.167759
 1597.000000 0.345064
 1598.000000 -0.277422
 1599.000000 -0.123875
 1600.000000 0.017561
 1601.000000 0.106084
 1602.000000 0.011726
 1603.000000 0.147663
 1604.000000 -0.154516
 1605.000000 -0.148667
 1606.000000 0.128810
 1607.000000 0.119514
 1608.000000 -0.229425
 1609.000000 0.005847
 1610.000000 -0.347601
 1611.000000 0.077911
 1612.000000 0.300172
 1613.000000 0.042516
 1614.000000 -0.499108
 1615.000000 -0.233805
 1616.000000 0.174136
 1617.000000 -0.053828
 1618.000000 -0.050960
 1619.000000 -0.242244
 1620.000000 0.205604
 1621.000000 0.015091
 1622.000000 -0.180749
 1623.000000 0.055141
 1624.000000 -0.059551
 1625.000000 -0.045991
 1626.000000 -0.107410
 1627.000000 0.002584
 1628.000000 0.017813
 1629.000000 0.398131
 1630.000000 -0.337959
 1631.000000 0.139121
 1632.000000 0.120605
 1633.000000 -0.261073
 1634.000000 -0.106744
 1635.000000 -0.172298
 1636.000000 0.139588
 1637.000000 0.126262
 1638.000000 0.082336
 1639.000000 -0.128051
 1640.000000 -0.038212
 1641.000000 -0.053597
 1642.000000 -0.094466
 1643.000000 0.032432
 1644.000000 -0.034959
 1645.000000 -0.224445
 1646.000000 -0.053398
 1647.000000 -0.116496
 1648.000000 -0.187108
 1649.000000 -0.051344
 1650.000000 -0.295141
 1651.000000 -0.020811
 1652.000000 -0.265274
 1653.000000 0.008855
 1654.000000 0.076075
 1655.000000 -0.147470
 1656.000000 0.520253
 1657.000000 -0.040405
 1658.000000 0.017613
 1659.000000 0.043688
 1660.000000 -0.098805
 1661.000000 -0.194089
 1662.000000 -0.182899
 1663.000000 0.117523
 1664.000000 0.035236
 1665.000000 0.253432
 1666.000000 0.077453
 1667.000000 -0.224990
 1668.000000 0.015250
 1669.000000 0.399854
 1670.000000 -0.102051
 1671.000000 0.094269
 1672.000000 0.056956
 1673.000000 -0.131313
 1674.000000 -0.231292
 1675.000000 0.033479
 1676.000000 0.116514
 1677.000000 -0.073865
 1678.000000 0.249022
 1679.000000 0.154831
 1680.000000 -0.120951
 1681.000000 -0.087811
 1682.000000 -0.022755
 1683.000000 0.080277
 1684.000000 -0.036255
 1685.000000 -0.135340
 1686.000000 -0.296024
 1687.000000 0.204940
 1688.000000 -0.135387
 1689.000000 -0.176501
 1690.000000 0.003867
 1691.000000 -0.132562
 1692.000000 0.030918
 1693.000000 -0.147582
 1694.000000 0.195365
 1695.000000 -0.369795
 1696.000000 -0.289312
 1697.000000 0.036113
 1698.000000 0.293491
 1699.000000 0.071465
 1700.000000 -0.116404
 1701.000000 -0.055761
 1702.000000 0.228410
 1703.000000 -0.004509
 1704.000000 -0.032888
 1705.000000 -0.156684
 1706.000000 -0.101606
 1707.000000 0.051151
 1708.000000 0.072513
 1709.000000 0.265998
 1710.000000 -0.094668
 1711.000000 -0.082986
 1712.000000 0.031083
 1713.000000 0.057020
 1714.000000 0.078085
 1715.000000 0.347841
 1716.000000 -0.336819
 1717.000000 -0.042214
 1718.000000 0.138330
 1719.000000 0.041788
 1720.000000 -0.061428
 1721.000000 0.189603
 1722.000000 -0.117372
 1723.000000 0.022970
 1724.000000 0.414426
 1725.000000 -0.118657
 1726.000000 0.190373
 1727.000000 -0.429065
 1728.000000 -0.219852
 1729.000000 0.370240
 1730.000000 0.083777
 1731.000000 -0.498425
 1732.000000 0.085576
 1733.000000 -0.079338
 1734.000000 -0.235608
 1735.000000 0.086164
 1736.000000 0.086944
 1737.000000 -0.146452
 1738.000000 -0.284592
 1739.000000 0.004214
 1740.000000 0.017344
 1741.000000 -0.167713
 1742.000000 -0.046583
 1743.000000 0.030356
 1744.000000 -0.192995
 1745.000000 0.245767
 1746.000000 -0.109834
 1747.000000 -0.000842
 1748.000000 0.051959
 1749.000000 -0.265124
 1750.000000 0.145754
 1751.000000 0.089906
 1752.000000 -0.084978
 1753.000000 0.378811
 1754.000000 -0.102381
 1755.000000 -0.022801
 1756.000000 -0.378978
 1757.000000 -0.089568
 1758.000000 -0.207288
 1759.000000 -0.334346
 1760.000000 -0.145019
 1761.000000 0.215229
 1762.000000 -0.013669
 1763.000000 0.016257
 1764.000000 0.004252
 1765.000000 0.180061
 1766.000000 0.017386
 1767.000000 -0.130234
 1768.000000 0.179142
 1769.000000 0.075510
 1770.000000 0.181543
 1771.000000 -0.193547
 1772.000000 0.060414
 1773.000000 -0.078968
 1774.000000 -0.366237
 1775.000000 -0.316860
 1776.000000 -0.247027
 1777.000000 0.276298
 1778.000000 -0.031002
 1779.000000 -0.172571
 1780.000000 0.002001
 1781.000000 0.184728
 1782.000000 0.284797
 1783.000000 -0.035785
 1784.000000 0.035092
 1785.000000 -0.124277
 1786.000000 -0.050820
 1787.000000 0.010117
 1788.000000 -0.033830
 1789.000000 -0.106459
 1790.000000 -0.205785
 1791.000000 -0.235921
 1792.000000 -0.002945
 1793.000000 -0.075185
 1794.000000 0.073667
 1795.000000 -0.312910
 1796.000000 -0.045272
 1797.000000 -0.040304
 1798.000000 0.101220
 1799.000000 -0.117762
 1800.000000 -0.220168
 1801.000000 -0.369683
 1802.000000 -0.266814
 1803.000000 0.346121
 1804.000000 -0.186727
 1805.000000 -0.260595
 1806.000000 0.022260
 1807.000000 -0.107037
 1808.000000 0.015078
 1809.000000 -0.158753
 1810.000000 0.100559
 1811.000000 0.316090
 1812.000000 -0.017834
 1813.000000 -0.363320
 1814.000000 -0.263920
 1815.000000 -0.007308
 1816.000000 -0.031198
 1817.000000 0.582917
 1818.000000 0.132956
 1819.000000 -0.055982
 1820.000000 0.346830
 1821.000000 0.500135
 1822.000000 0.336284
 1823.000000 -0.130444
 1824.000000 -0.098881
 1825.000000 0.004268
 1826.000000 -0.158478
 1827.000000 0.047341
 1828.000000 -0.441754
 1829.000000 -0.259766
 1830.000000 0.139456
 1831.000000 0.054695
 1832.000000 -0.175334
 1833.000000 -0.051112
 1834.000000 0.066344
 1835.000000 -0.021100
 1836.000000 0.022146
 1837.000000 0.307680
 1838.000000 0.602815
 1839.000000 0.025997
 1840.000000 0.140253
 1841.000000 0.112088
 1842.000000 -0.322255
 1843.000000 0.043807
 1844.000000 0.017713
 1845.000000 -0.275182
 1846.000000 0.101164
 1847.000000 -0.009725
 1848.000000 0.009164
 1849.000000 0.054881
 1850.000000 -0.044683
 1851.000000 -0.207457
 1852.000000 -0.276232
 1853.000000 0.006643
 1854.000000 0.221770
 1855.000000 -0.017557
 1856.000000 0.053761
 1857.000000 -0.158261
 1858.000000 -0.062760
 1859.000000 0.270086
 1860.000000 0.022935
 1861.000000 0.049743
 1862.000000 0.013092
 1863.000000 0.212788
 1864.000000 -0.068506
 1865.000000 -0.151883
 1866.000000 0.228901
 1867.000000 0.249678
 1868.000000 -0.020457
 1869.000000 0.227786
 1870.000000 0.075368
 1871.000000 -0.052060
 1872.000000 0.124244
 1873.000000 -0.556229
 1874.000000 0.234471
 1875.000000 -0.050667
 1876.000000 -0.046550
 1877.000000 0.044931
 1878.000000 0.317648
 1879.000000 0.453914
 1880.000000 0.103610
 1881.000000 0.157663
 1882.000000 -0.224433
 1883.000000 -0.075893
 1884.000000 -0.260413
 1885.000000 -0.167283
 1886.000000 0.100032
 1887.000000 -0.242370
 1888.000000 -0.362613
 1889.000000 -0.198736
 1890.000000 -0.269291
 1891.000000 0.314728
 1892.000000 0.011761
 1893.000000 0.141806
 1894.000000 0.358967
 1895.000000 0.050878
 1896.000000 0.021311
 1897.000000 -0.140396
 1898.000000 -0.092904
 1899.000000 0.007130
 1900.000000 -0.108627
 1901.000000 0.300978
 1902.000000 -0.066634
 1903.000000 -0.021151
 1904.000000 0.019567
 1905.000000 0.237586
 1906.000000 -0.087881
 1907.000000 0.301759
 1908.000000 0.037407
 1909.000000 0.118091
 1910.000000 -0.020954
 1911.000000 0.011824
 1912.000000 0.072048
 1913.000000 0.033941
 1914.000000 0.163311
 1915.000000 -0.437655
 1916.000000 -0.096130
 1917.000000 -0.006148
 1918.000000 -0.163280
 1919.000000 0.235571
 1920.000000 0.099419
 1921.000000 0.035841
 1922.000000 0.078951
 1923.000000 0.238982
 1924.000000 -0.226459
 1925.000000 -0.265091
 1926.000000 0.109531
 1927.000000 0.023930
 1928.000000 -0.016847
 1929.000000 -0.179304
 1930.000000 -0.164829
 1931.000000 -0.236403
 1932.000000 -0.073148
 1933.000000 0.083108
 1934.000000 -0.044369
 1935.000000 0.053540
 1936.000000 -0.001776
 1937.000000 0.210848
 1938.000000 -0.124935
 1939.000000 0.106223
 1940.000000 0.131145
 1941.000000 0.312714
 1942.000000 0.007439
 1943.000000 0.074184
 1944.000000 -0.420667
 1945.000000 0.094019
 1946.000000 0.191821
 1947.000000 -0.070782
 1948.000000 -0.437705
 1949.000000 0.205560
 1950.000000 0.028250
 1951.000000 -0.100938
 1952.000000 0.127453
 1953.000000 0.096222
 1954.000000 -0.058743
 1955.000000 -0.254826
 1956.000000 -0.122054
 1957.000000 -0.080690
 1958.000000 0.055105
 1959.000000 0.116424
 1960.000000 0.198392
 1961.000000 0.082390
 1962.000000 0.076436
 1963.000000 0.145634
 1964.000000 -0.344919
 1965.000000 0.111124
 1966.000000 0.424917
 1967.000000 0.005276
 1968.000000 -0.053105
 1969.000000 -0.115342
 1970.000000 0.132636
 1971.000000 0.014996
 1972.000000 0.123356
 1973.000000 -0.183901
 1974.000000 -0.001751
 1975.000000 -0.056190
 1976.000000 -0.043381
 1977.000000 0.256973
 1978.000000 0.176984
 1979.000000 -0.286585
 1980.000000 0.038207
 1981.000000 0.137327
 1982.000000 0.337262
 1983.000000 -0.167420
 1984.000000 0.322934
 1985.000000 -0.130759
 1986.000000 0.056344
 1987.000000 -0.022904
 1988.000000 0.001836
 1989.000000 -0.107540
 1990.000000 0.108869
 1991.000000 0.014616
 1992.000000 0.143676
 1993.000000 -0.083147
 1994.000000 -0.184390
 1995.000000 -0.044914
 1996.000000 -0.247022
 1997.000000 0.023392
 1998.000000 -0.104055
 1999.000000 0.041292
 2000.000000 -0.055949
 2001.000000 0.072367
 2002.000000 -0.086343
 2003.000000 -0.142339
 2004.000000 0.349842
 2005.000000 0.125874
 2006.000000 0.201195
 2007.000000 0.154091
 2008.000000 0.060943
 2009.000000 0.136800
 2010.000000 0.254950
 2011.000000 0.189217
 2012.000000 0.149402
 2013.000000 0.172832
 2014.000000 0.003567
 2015.000000 0.169451
 2016.000000 -0.051906
 2017.000000 -0.263989
 2018.000000 0.082030
 2019.000000 0.325731
 2020.000000 0.030410
 2021.000000 -0.251123
 2022.000000 0.146517
 2023.000000 -0.160911
 2024.000000 -0.013406
 2025.000000 0.315141
 2026.000000 0.302079
 2027.000000 0.152236
 2028.000000 -0.075875
 2029.000000 0.034257
 2030.000000 0.141131
 2031.000000 0.153142
 2032.000000 -0.034204
 2033.000000 -0.152518
 2034.000000 0.078159
 2035.000000 0.134816
 2036.000000 0.104758
 2037.000000 0.216732
 2038.000000 -0.333303
 2039.000000 0.193569
 2040.000000 -0.099386
 2041.000000 -0.164496
 2042.000000 -0.038218
 2043.000000 -0.007636
 2044.000000 0.024724
 2045.000000 0.080127
 2046.000000 -0.233273
 2047.000000 -0.032048
 2048.000000 0.210565
 2049.000000 -0.037739
 2050.000000 0.314513
 2051.000000 0.149336
 2052.000000 0.101332
 2053.000000 0.319812
 2054.000000 0.121917
 2055.000000 0.278978
 2056.000000 -0.025955
 2057.000000 -0.307541
 2058.000000 -0.035705
 2059.000000 0.071150
 2060.000000 -0.290103
 2061.000000 -0.071437
 2062.000000 -0.257706
 2063.000000 0.084326
 2064.000000 -0.242436
 2065.000000 -0.026052
 2066.000000 -0.200612
 2067.000000 -0.255547
 2068.000000 -0.258371
 2069.000000 0.350640
 2070.000000 -0.089197
 2071.000000 -0.147076
 2072.000000 -0.245448
 2073.000000 -0.117899
 2074.000000 -0.241389
 2075.000000 -0.011396
 2076.000000 -0.173984
 2077.000000 -0.099892
 2078.000000 -0.296618
 2079.000000 0.077074
 2080.000000 0.047465
 2081.000000 -0.344044
 2082.000000 0.120276
 2083.000000 0.020852
 2084.000000 0.047376
 2085.000000 -0.092747
 2086.000000 0.020019
 2087.000000 -0.001696
 2088.000000 0.172198
 2089.000000 -0.004776
 2090.000000 0.162072
 2091.000000 -0.170399
 2092.000000 -0.267930
 2093.000000 -0.076521
 2094.000000 -0.069562
 2095.000000 0.003165
 2096.000000 -0.019682
 2097.000000 -0.015020
 2098.000000 -0.100513
 2099.000000 0.224485
 2100.000000 0.209409
 2101.000000 0.237387
 2102.000000 0.112793
 2103.000000 -0.025726
 2104.000000 0.257138
 2105.000000 -0.163583
 2106.000000 -0.031723
 2107.000000 -0.371904
 2108.000000 0.150696
 2109.000000 0.145310
 2110.000000 -0.082285
 2111.000000 0.030706
 2112.000000 -0.092312
 2113.000000 -0.046502
 2114.000000 -0.123280
 2115.000000 -0.189245
 2116.000000 -0.270788
 2117.000000 -0.043734
 2118.000000 0.014457
 2119.000000 0.004574
 2120.000000 -0.035842
 2121.000000 0.100634
 2122.000000 0.035344
 2123.000000 0.138807
 2124.000000 -0.135575
 2125.000000 0.032485
 2126.000000 0.103203
 2127.000000 0.186599
 2128.000000 0.061428
 2129.000000 -0.184609
 2130.000000 0.297210
 2131.000000 -0.023620
 2132.000000 0.153969
 2133.000000 0.109537
 2134.000000 0.012472
 2135.000000 0.006068
 2136.000000 0.075375
 2137.000000 -0.016903
 2138.000000 -0.285420
 2139.000000 0.048171
 2140.000000 0.048901
 2141.000000 0.057406
 2142.000000 0.057654
 2143.000000 0.116659
 2144.000000 0.243198
 2145.000000 0.103903
 2146.000000 0.295400
 2147.000000 -0.254938
 2148.000000 0.001822
 2149.000000 -0.000983
 2150.000000 -0.027477
 2151.000000 0.018047
 2152.000000 0.025990
 2153.000000 -0.088801
 2154.000000 -0.261173
 2155.000000 0.215528
 2156.000000 -0.012327
 2157.000000 0.081341
 2158.000000 -0.015385
 2159.000000 0.156700
 2160.000000 0.088576
 2161.000000 -0.214203
 2162.000000 -0.009154
 2163.000000 0.083611
 2164.000000 -0.135082
 2165.000000 0.107778
 2166.000000 0.071531
 2167.000000 -0.142723
 2168.000000 -0.018820
 2169.000000 -0.184224
 2170.000000 -0.136533
 2171.000000 -0.336053
 2172.000000 0.148482
 2173.000000 -0.556938
 2174.000000 -0.065533
 2175.000000 0.012043
 2176.000000 -0.103870
 2177.000000 -0.210923
 2178.000000 -0.033816
 2179.000000 0.265887
 2180.000000 -0.020095
 2181.000000 0.432471
 2182.000000 -0.327694
 2183.000000 0.159514
 2184.000000 -0.091278
 2185.000000 0.356784
 2186.000000 -0.150626
 2187.000000 -0.007651
 2188.000000 -0.327373
 2189.000000 -0.025908
 2190.000000 0.130425
 2191.000000 0.131950
 2192.000000 0.372636
 2193.000000 -0.017505
 2194.000000 -0.090522
 2195.000000 -0.040558
 2196.000000 0.068244
 2197.000000 0.095161
 2198.000000 0.437467
 2199.000000 -0.433883
 2200.000000 -0.159185
 2201.000000 -0.356977
 2202.000000 -0.004259
 2203.000000 -0.049430
 2204.000000 -0.340648
 2205.000000 0.160195
 2206.000000 -0.053629
 2207.000000 0.218847
 2208.000000 0.197615
 2209.000000 -0.042654
 2210.000000 -0.061462
 2211.000000 -0.351447
 2212.000000 0.102000
 2213.000000 -0.217261
 2214.000000 -0.082026
 2215.000000 0.109270
 2216.000000 0.111426
 2217.000000 0.194965
 2218.000000 0.019635
 2219.000000 -0.037842
 2220.000000 0.421477
 2221.000000 0.084327
 2222.000000 -0.033477
 2223.000000 -0.107131
 2224.000000 0.228809
 2225.000000 0.006089
 2226.000000 -0.084271
 2227.000000 -0.011759
 2228.000000 -0.194578
 2229.000000 -0.252206
 2230.000000 0.022451
 2231.000000 -0.283162
 2232.000000 0.041668
 2233.000000 -0.150047
 2234.000000 0.145883
 2235.000000 -0.006193
 2236.000000 0.203257
 2237.000000 -0.102611
 2238.000000 0.022014
 2239.000000 -0.419096
 2240.000000 0.023403
 2241.000000 0.134009
 2242.000000 -0.238318
 2243.000000 0.313166
 2244.000000 -0.118865
 2245.000000 0.087107
 2246.000000 0.209205
 2247.000000 0.270202
 2248.000000 -0.205001
 2249.000000 0.287311
 2250.000000 0.030505
 2251.000000 -0.038231
 2252.000000 -0.103722
 2253.000000 0.065922
 2254.000000 -0.280783
 2255.000000 0.081838
 2256.000000 0.186109
 2257.000000 -0.219836
 2258.000000 0.073072
 2259.000000 -0.200270
 2260.000000 -0.263688
 2261.000000 -0.250175
 2262.000000 0.212881
 2263.000000 0.088726
 2264.000000 0.112860
 2265.000000 0.250970
 2266.000000 0.028717
 2267.000000 0.012750
 2268.000000 -0.183765
 2269.000000 0.003051
 2270.000000 0.016147
 2271.000000 0.488924
 2272.000000 0.256178
 2273.000000 0.105188
 2274.000000 0.057672
 2275.000000 0.231049
 2276.000000 0.180721
 2277.000000 -0.036428
 2278.000000 -0.068632
 2279.000000 -0.154976
 2280.000000 -0.137792
 2281.000000 -0.035497
 2282.000000 -0.033386
 2283.000000 -0.139466
 2284.000000 0.046180
 2285.000000 0.149976
 2286.000000 0.088204
 2287.000000 -0.068533
 2288.000000 0.077228
 2289.000000 -0.050348
 2290.000000 -0.414597
 2291.000000 0.080266
 2292.000000 -0.065428
 2293.000000 -0.175389
 2294.000000 -0.041617
 2295.000000 -0.095028
 2296.000000 -0.198411
 2297.000000 0.269451
 2298.000000 0.253306
 2299.000000 0.165244
 2300.000000 -0.362060
 2301.000000 -0.303502
 2302.000000 0.123918
 2303.000000 -0.026424
 2304.000000 -0.270212
 2305.000000 -0.169966
 2306.000000 0.096133
 2307.000000 -0.433472
 2308.000000 -0.158264
 2309.000000 -0.329824
 2310.000000 0.155204
 2311.000000 0.164218
 2312.000000 -0.000918
 2313.000000 0.075804
 2314.000000 -0.142808
 2315.000000 0.291520
 2316.000000 -0.086738
 2317.000000 0.253134
 2318.000000 0.225860
 2319.000000 -0.421087
 2320.000000 0.100152
 2321.000000 0.274210
 2322.000000 0.033137
 2323.000000 0.066599
 2324.000000 0.040324
 2325.000000 0.214198
 2326.000000 -0.254701
 2327.000000 -0.394221
 2328.000000 0.035612
 2329.000000 -0.184117
 2330.000000 -0.013193
 2331.000000 0.356237
 2332.000000 -0.221877
 2333.000000 0.169937
 2334.000000 0.117493
 2335.000000 -0.511896
 2336.000000 0.096039
 2337.000000 -0.209841
 2338.000000 0.434987
 2339.000000 -0.023749
 2340.000000 -0.133883
 2341.000000 -0.390644
 2342.000000 0.104090
 2343.000000 0.008090
 2344.000000 0.050720
 2345.000000 0.068682
 2346.000000 -0.074853
 2347.000000 -0.102326
 2348.000000 0.058341
 2349.000000 0.501810
 2350.000000 0.228793
 2351.000000 0.098613
 2352.000000 -0.557861
 2353.000000 0.068927
 2354.000000 -0.260058
 2355.000000 -0.155166
 2356.000000 0.090665
 2357.000000 0.112796
 2358.000000 -0.338701
 2359.000000 -0.058424
 2360.000000 0.422580
 2361.000000 0.081828
 2362.000000 -0.214287
 2363.000000 0.036761
 2364.000000 -0.001372
 2365.000000 -0.043346
 2366.000000 -0.036019
 2367.000000 -0.044958
 2368.000000 0.139384
 2369.000000 -0.439864
 2370.000000 -0.020112
 2371.000000 0.056365
 2372.000000 0.032941
 2373.000000 -0.140672
 2374.000000 0.032293
 2375.000000 -0.103487
 2376.000000 0.260131
 2377.000000 0.136763
 2378.000000 -0.110310
 2379.000000 -0.018755
 2380.000000 -0.015343
 2381.000000 0.230896
 2382.000000 0.197270
 2383.000000 0.281803
 2384.000000 -0.172904
 2385.000000 0.112179
 2386.000000 0.041275
 2387.000000 -0.237327
 2388.000000 -0.217476
 2389.000000 -0.157705
 2390.000000 -0.071554
 2391.000000 -0.200646
 2392.000000 -0.160936
 2393.000000 0.014268
 2394.000000 -0.274566
 2395.000000 -0.171105
 2396.000000 0.349303
 2397.000000 0.027561
 2398.000000 -0.148500
 2399.000000 -0.032093
 2400.000000 -0.131630
 2401.000000 0.051409
 2402.000000 -0.160095
 2403.000000 -0.152162
 2404.000000 -0.070247
 2405.000000 -0.219737
 2406.000000 0.249394
 2407.000000 0.110128
 2408.000000 -0.138351
 2409.000000 0.008141
 2410.000000 0.071740
 2411.000000 -0.053879
 2412.000000 -0.178683
 2413.000000 -0.085511
 2414.000000 -0.072042
 2415.000000 -0.086166
 2416.000000 -0.154453
 2417.000000 0.117206
 2418.000000 0.432966
 2419.000000 0.003835
 2420.000000 0.296670
 2421.000000 -0.096411
 2422.000000 -0.294585
 2423.000000 -0.067951
 2424.000000 -0.107041
 2425.000000 0.102770
 2426.000000 -0.213840
 2427.000000 0.095382
 2428.000000 0.111332
 2429.000000 0.211223
 2430.000000 0.155078
 2431.000000 -0.026785
 2432.000000 0.178061
 2433.000000 0.077180
 2434.000000 -0.258148
 2435.000000 0.228645
 2436.000000 0.031858
 2437.000000 -0.031177
 2438.000000 -0.078947
 2439.000000 -0.326503
 2440.000000 -0.259479
 2441.000000 -0.123767
 2442.000000 -0.095697
 2443.000000 -0.147443
 2444.000000 -0.416304
 2445.000000 0.095830
 2446.000000 -0.103355
 2447.000000 -0.162413
 2448.000000 -0.071450
 2449.000000 0.122047
 2450.000000 -0.230365
 2451.000000 0.105464
 2452.000000 0.031408
 2453.000000 -0.063334
 2454.000000 -0.456677
 2455.000000 -0.062275
 2456.000000 -0.037666
 2457.000000 0.090679
 2458.000000 -0.120127
 2459.000000 0.235787
 2460.000000 0.106318
 2461.000000 -0.317981
 2462.000000 0.147074
 2463.000000 -0.101363
 2464.000000 -0.090096
 2465.000000 -0.151964
 2466.000000 0.124387
 2467.000000 0.304768
 2468.000000 -0.050737
 2469.000000 0.070598
 2470.000000 0.163876
 2471.000000 0.333979
 2472.000000 0.178770
 2473.000000 0.123411
 2474.000000 0.018711
 2475.000000 -0.064422
 2476.000000 0.101430
 2477.000000 0.129312
 2478.000000 -0.085981
 2479.000000 0.178930
 2480.000000 -0.113064
 2481.000000 -0.104915
 2482.000000 0.249462
 2483.000000 0.039608
 2484.000000 -0.638801
 2485.000000 0.201454
 2486.000000 -0.165010
 2487.000000 0.267631
 2488.000000 -0.047406
 2489.000000 0.254311
 2490.000000 -0.086855
 2491.000000 0.279649
 2492.000000 -0.143635
 2493.000000 0.417428
 2494.000000 0.020553
 2495.000000 0.170246
 2496.000000 -0.125857
 2497.000000 -0.239279
 2498.000000 0.038367
 2499.000000 -0.250560
 2500.000000 -0.002946
