#! FIELDS time theta metad.bias
#! SET min_theta -pi
#! SET max_theta pi
 0.000000 3.037152 0.000000
 0.020000 3.046561 0.000000
 0.040000 3.136722 0.000000
 0.060000 3.053593 0.000000
 0.080000 2.929303 0.000000
 0.100000 2.921374 0.000000
 0.120000 3.006452 2.443327
 0.140000 3.064467 2.379490
 0.160000 3.131783 2.268897
 0.180000 3.138484 2.255935
 0.200000 3.081354 2.355260
 0.220000 2.937634 4.818260
 0.240000 2.851974 4.650874
 0.260000 2.966462 4.844674
 0.280000 3.086998 4.785798
 0.300000 3.117218 4.728969
 0.320000 -3.044184 6.676946
 0.340000 -2.970729 6.241752
 0.360000 -2.992203 6.379794
 0.380000 -2.979113 6.296631
 0.400000 -2.961086 6.177136
 0.420000 -3.008578 8.844992
 0.440000 -3.095715 9.204892
 0.460000 3.030641 9.216698
 0.480000 3.032628 9.221778
 0.500000 -2.946444 8.451456
 0.520000 -2.809163 9.520728
 0.540000 -2.891348 10.346825
 0.560000 -2.868121 10.131510
 0.580000 -2.710030 8.334556
 0.600000 -2.708208 8.311416
 0.620000 -2.993252 13.077957
 0.640000 2.903095 11.184651
 0.660000 2.737401 8.956431
 0.680000 2.825632 10.199883
 0.700000 2.848935 10.509263
 0.720000 2.813477 12.335929
 0.740000 2.979008 14.231884
 0.760000 -3.060219 14.938898
 0.780000 -2.930890 14.186406
 0.800000 -3.004609 14.706383
 0.820000 -3.134901 17.188231
 0.840000 3.032962 16.612208
 0.860000 3.024660 16.543525
 0.880000 3.107758 17.068450
 0.900000 -3.097597 17.216876
 0.920000 -2.961514 18.787253
 0.940000 -3.039174 19.292619
 0.960000 -3.102871 19.421002
 0.980000 -3.083663 19.410100
 1.000000 -3.006693 19.126752
 1.020000 -3.004253 21.286511
 1.040000 -3.085934 21.560435
 1.060000 3.071152 21.028052
 1.080000 2.920869 19.013819
 1.100000 2.653506 13.135707
 1.120000 2.367566 8.667860
 1.140000 2.382350 8.984709
 1.160000 2.796469 18.677244
 1.180000 3.053172 22.507025
 1.200000 3.110643 22.809300
 1.220000 -3.093364 24.930222
 1.240000 -3.058480 24.768896
 1.260000 -3.045626 24.684907
 1.280000 -3.117880 24.984687
 1.300000 -2.994067 24.218586
 1.320000 -2.735093 21.105241
 1.340000 -2.635345 18.247045
 1.360000 -2.648459 18.635511
 1.380000 -2.550868 15.708829
 1.400000 -2.501319 14.224985
 1.420000 -2.597863 19.332857
 1.440000 -2.741262 23.276865
 1.460000 -2.733820 23.089182
 1.480000 -2.628104 20.209430
 1.500000 -2.848150 25.662850
 1.520000 -2.975497 29.548394
 1.540000 -2.856516 27.900933
 1.560000 -2.513404 18.495452
 1.580000 -2.402947 14.998263
 1.600000 -2.712315 24.538373
 1.620000 -3.044874 31.619772
 1.640000 2.940309 27.683805
 1.660000 2.768262 22.689628
 1.680000 2.797863 23.628911
 1.700000 3.037324 29.775650
 1.720000 -3.119989 33.324381
 1.740000 3.098568 32.729853
 1.760000 3.084399 32.545138
 1.780000 3.045798 31.947055
 1.800000 2.959755 30.153002
 1.820000 2.846154 28.948425
 1.840000 2.722441 24.659164
 1.860000 2.722423 24.658499
 1.880000 2.768581 26.324764
 1.900000 2.698639 23.780006
 1.920000 2.564790 20.795230
 1.940000 2.442714 16.244527
 1.960000 2.360231 13.398772
 1.980000 2.360195 13.397583
 2.000000 2.364276 13.532518
