#! FIELDS time theta sigma_theta height biasf
#! SET multivariate false
#! SET kerneltype gaussian
#! SET min_theta -pi
#! SET max_theta pi
     0.1000000047497451      2.921374469029007                    0.5      2.520972415856761                     60
     0.2000000094994903      3.081353517581645                    0.5      2.480681181588753                     60
     0.3000000142492354      3.117218329048572                    0.5      2.440725838771712                     60
     0.4000000189989805     -2.961086230571846                    0.5      2.416666382253103                     60
     0.5000000237487257     -2.946444243213318                    0.5      2.379359251173614                     60
     0.6000000284984708     -2.708208433055837                    0.5      2.381639676834669                     60
     0.7000000332482159      2.848935178965561                    0.5      2.346100249718693                     60
      0.800000037997961     -3.004609179297357                    0.5      2.279699057467289                     60
     0.9000000427477062     -3.097596748679472                    0.5      2.240883108668021                     60
      1.000000047497451     -3.006693245984243                    0.5      2.211796826523489                     60
      1.100000052247196      2.653505818197893                    0.5      2.304325223054942                     60
      1.200000056996942      3.110642769677095                    0.5      2.156775321846522                     60
      1.300000061746687     -2.994066647555468                    0.5      2.136082967669832                     60
      1.400000066496432     -2.501319075953412                    0.5      2.287218663934532                     60
      1.500000071246177     -2.848149507852509                    0.5      2.115082994063166                     60
      1.600000075995922     -2.712315299403216                    0.5      2.131415282301666                     60
      1.700000080745667      3.037323688274308                    0.5      2.056406036917876                     60
      1.800000085495412       2.95975460216891                    0.5      2.051104613044367                     60
      1.900000090245157      2.698638638723884                    0.5      2.142501214028846                     60
      2.000000094994903       2.36427649486394                    0.5        2.2980787470955                     60
