#! FIELDS time theta lambda sigma_theta sigma_lambda height biasf
#! SET multivariate false
#! SET kerneltype gaussian
#! SET min_theta -pi
#! SET max_theta pi
    0.02000000094994903      3.046121925539509                      0                    0.5                 0.0001      2.520972415856761                     60
    0.04000000189989805     -3.140053883383748                      0                    0.5                 0.0001      2.479366823334374                     60
    0.06000000284984708      3.065953049805257                      0                    0.5                 0.0001      2.438102509505959                     60
     0.0800000037997961      2.909075540809994                      0                    0.5                 0.0001      2.405487618697457                     60
     0.1000000047497451      2.868634912202363                      0                    0.5                 0.0001      2.370446061051145                     60
     0.1200000056996942      2.944911806701455                      0                    0.5                 0.0001      2.327481646362533                     60
     0.1400000066496432      3.027588736240463                      0                    0.5                 0.0001      2.290505818741992                     60
     0.1600000075995922      3.119903781648273                      0                    0.5                 0.0001      2.261831034372722                     60
     0.1800000085495412     -3.098646268127331                      0                    0.5                 0.0001      2.236883714166791                     60
     0.2000000094994903     -3.033321061682862                      0                    0.5                 0.0001      2.216819561379614                     60
     0.2200000104494393     -3.069646873777941                      0                    0.5                 0.0001      2.176267801843982                     60
     0.2400000113993883      3.070483440665203                      0                    0.5                 0.0001      2.130576046458883                     60
     0.2600000123493373       2.96264817622708                      0                    0.5                 0.0001      2.108326297985087                     60
     0.2800000132992864      2.919246986688774                      0                    0.5                 0.0001      2.086482347792741                     60
     0.3000000142492354      2.791268976250948                      0                    0.5                 0.0001      2.095649731196982                     60
     0.3200000151991844      2.812881076884813                      0                    0.5                 0.0001       2.05848484756285                     60
     0.3400000161491334      2.922028750908455                      0                    0.5                 0.0001      2.001749433939738                     60
     0.3600000170990825      3.088395591058789                      0                    0.5                 0.0001      1.971414748242295                     60
     0.3800000180490315     -2.916868645113087                      1                    0.5                 0.0001      2.520972415856761                     60
     0.4000000189989805      -2.67301086609134                      0                    0.5                 0.0001      2.199185536517489                     60
     0.4200000199489295     -2.442495132705687                      0                    0.5                 0.0001      2.309400879745333                     60
     0.4400000208988786     -2.401330865380598                      0                    0.5                 0.0001       2.29579749665024                     60
     0.4600000218488276     -2.488950334782213                      0                    0.5                 0.0001      2.213864733271299                     60
     0.4800000227987766     -2.597729460850425                      0                    0.5                 0.0001      2.121075050364722                     60
     0.5000000237487257     -2.666199433488456                      0                    0.5                 0.0001      2.053912714034517                     60
     0.5200000246986747     -2.740453807186171                      0                    0.5                 0.0001      1.987981541380728                     60
     0.5400000256486237     -2.781128614360244                      0                    0.5                 0.0001      1.942611452964334                     60
     0.5600000265985727     -2.821406179821266                      0                    0.5                 0.0001      1.900264228622873                     60
     0.5800000275485218     -2.892858194705827                      1                    0.5                 0.0001       2.47863143909502                     60
     0.6000000284984708      3.127429571060289                      1                    0.5                 0.0001      2.447325399492302                     60
     0.6200000294484198      2.936059172939886                      1                    0.5                 0.0001      2.426863767980858                     60
     0.6400000303983688       2.85280025319222                      1                    0.5                 0.0001      2.398935656787159                     60
     0.6600000313483179      2.717370584345679                      0                    0.5                 0.0001      1.976831501526795                     60
     0.6800000322982669      2.628336500021639                      0                    0.5                 0.0001      2.011654063689597                     60
     0.7000000332482159       2.61546511772833                      0                    0.5                 0.0001      1.993781113101935                     60
     0.7200000341981649      2.361546737632166                      0                    0.5                 0.0001      2.159031044539946                     60
      0.740000035148114      2.172077803784489                      0                    0.5                 0.0001      2.261356256228338                     60
      0.760000036098063      2.334367998742349                      0                    0.5                 0.0001      2.117302087837905                     60
      0.780000037048012      2.545325976090478                      0                    0.5                 0.0001      1.942914120826758                     60
      0.800000037997961      2.569695253090109                      0                    0.5                 0.0001      1.902339198093034                     60
     0.8200000389479101      2.583954636096987                      0                    0.5                 0.0001      1.869499322271616                     60
     0.8400000398978591      2.503260124278901                      0                    0.5                 0.0001       1.89690477560045                     60
     0.8600000408478081      2.419957006769686                      1                    0.5                 0.0001      2.441358067687851                     60
     0.8800000417977571      2.527799744836258                      0                    0.5                 0.0001      1.857067969603735                     60
     0.9000000427477062      2.509394150442677                      0                    0.5                 0.0001      1.845675712011445                     60
     0.9200000436976552      2.757743901903017                      1                    0.5                 0.0001      2.345051621394743                     60
     0.9400000446476042     -3.089661543996168                      0                    0.5                 0.0001       1.70327652393898                     60
     0.9600000455975533     -2.787835179051743                      1                    0.5                 0.0001      2.355228213273042                     60
     0.9800000465475023     -2.506640376776147                      0                    0.5                 0.0001       2.01630364751415                     60
      1.000000047497451     -2.144119493891161                      0                    0.5                 0.0001      2.235582970175002                     60
        1.0200000484474     -2.051518819691479                      0                    0.5                 0.0001      2.256455547169553                     60
      1.040000049397349     -1.581208891433312                      0                    0.5                 0.0001      2.425465657765109                     60
      1.060000050347298    -0.7238926528176624                      0                    0.5                 0.0001      2.509419373643844                     60
      1.080000051297247     0.3935371248773007                      0                    0.5                 0.0001      2.517458208189125                     60
      1.100000052247196     0.9542257943557573                      0                    0.5                 0.0001      2.493198200298537                     60
      1.120000053197145     0.6807657885044964                      0                    0.5                 0.0001      2.447898500842608                     60
      1.140000054147094    -0.4561402399020746                      0                    0.5                 0.0001      2.467057894049409                     60
      1.160000055097044    -0.9942928413050702                      0                    0.5                 0.0001      2.431244887010616                     60
      1.180000056046993    -0.5633355711445889                      0                    0.5                 0.0001      2.399240678421477                     60
      1.200000056996942     0.5720052280811352                      0                    0.5                 0.0001      2.401570951758042                     60
      1.220000057946891     0.9919631107344937                      0                    0.5                 0.0001      2.391286804658805                     60
       1.24000005889684     0.5920788525773659                      0                    0.5                 0.0001      2.335751807243947                     60
      1.260000059846789    -0.3667589209258351                      0                    0.5                 0.0001      2.359798824158466                     60
      1.280000060796738    -0.3198425321217986                      0                    0.5                 0.0001      2.323929597355287                     60
      1.300000061746687     0.1458956487066123                      0                    0.5                 0.0001        2.2974154143267                     60
      1.320000062696636     0.1966251385073257                      0                    0.5                 0.0001      2.261329233263427                     60
      1.340000063646585    -0.2009067787934007                      0                    0.5                 0.0001      2.239265300022047                     60
      1.360000064596534    -0.2844588614430128                      0                    0.5                 0.0001       2.21001295176992                     60
      1.380000065546483    0.08743177293732174                      0                    0.5                 0.0001      2.176739012199177                     60
      1.400000066496432     0.3162178995869294                      0                    0.5                 0.0001      2.161926824430123                     60
      1.420000067446381    0.03861206901917758                      0                    0.5                 0.0001      2.116885385791091                     60
       1.44000006839633    -0.5558519097096943                      0                    0.5                 0.0001      2.172865982451028                     60
      1.460000069346279    -0.6702432398218567                      0                    0.5                 0.0001      2.173802866296612                     60
      1.480000070296228    -0.4598418700442028                      0                    0.5                 0.0001      2.089842851052922                     60
      1.500000071246177   -0.02768698917003531                      0                    0.5                 0.0001      2.037805672711189                     60
      1.520000072196126     0.4129949258190617                      0                    0.5                 0.0001      2.086026282591669                     60
      1.540000073146075     0.3324756171565699                      1                    0.5                 0.0001      2.520972415856761                     60
      1.560000074096024   -0.02425257967300531                      0                    0.5                 0.0001       1.99114630620012                     60
      1.580000075045973     -0.336695028657263                      0                    0.5                 0.0001      1.988011174151197                     60
      1.600000075995922    -0.1909383467639976                      1                    0.5                 0.0001      2.496377416112962                     60
      1.620000076945871     0.3476154021130435                      0                    0.5                 0.0001      2.010013652621244                     60
       1.64000007789582     0.8319991999434766                      1                    0.5                 0.0001      2.489725347957148                     60
      1.660000078845769     0.7626885843585773                      1                    0.5                 0.0001      2.443800614150962                     60
      1.680000079795718     0.2817768825054143                      0                    0.5                 0.0001      1.965955397446636                     60
      1.700000080745667   -0.06921408120537231                      0                    0.5                 0.0001      1.902898730183977                     60
      1.720000081695616    -0.2671116577561885                      1                    0.5                 0.0001      2.450562468322422                     60
      1.740000082645565    -0.1606897151445756                      1                    0.5                 0.0001       2.40132708157391                     60
      1.760000083595514   -0.03594611580313245                      1                    0.5                 0.0001      2.355941346141201                     60
      1.780000084545463    0.07606209398321706                      1                    0.5                 0.0001       2.31764733874146                     60
      1.800000085495412     0.0927771474468404                      0                    0.5                 0.0001      1.885363099413883                     60
      1.820000086445361   0.008795345419833289                      1                    0.5                 0.0001      2.282232443562051                     60
       1.84000008739531   -0.03597501009741011                      0                    0.5                 0.0001      1.855304453966133                     60
      1.860000088345259   -0.02924954255165568                      0                    0.5                 0.0001      1.832238578385521                     60
      1.880000089295208    0.09592814682155826                      0                    0.5                 0.0001      1.817801609615443                     60
      1.900000090245157     0.2962432946213314                      1                    0.5                 0.0001      2.265885483030172                     60
      1.920000091195107     0.4871658691436203                      0                    0.5                 0.0001      1.924778888536934                     60
      1.940000092145056     0.7225106952024198                      0                    0.5                 0.0001      2.030394218757152                     60
      1.960000093095005     0.7526174180930951                      1                    0.5                 0.0001      2.329892918460377                     60
      1.980000094044954      0.658292776258242                      0                    0.5                 0.0001      1.965660904956918                     60
      2.000000094994903       1.23074400359909                      0                    0.5                 0.0001      2.268478766747435                     60
