#! FIELDS time d1 d2 d3 d4
 0.000000 0.464536 0.853674 0.700809 0.584264
 10.000000 0.479135 0.828294 0.649441 0.551864
 20.000000 0.460595 0.807795 0.714118 0.587545
 30.000000 0.465573 0.839935 0.683062 0.566519
 40.000000 0.463784 0.857833 0.690146 0.549560
 50.000000 0.477109 0.852457 0.651722 0.577889
 60.000000 0.474667 0.857378 0.695486 0.571864
 70.000000 0.472772 0.877475 0.724685 0.589093
 80.000000 0.467589 0.822445 0.671338 0.561443
 90.000000 0.463523 0.859522 0.685972 0.569950
 100.000000 0.461166 0.851948 0.689825 0.563625
 110.000000 0.465461 0.847775 0.664799 0.571990
 120.000000 0.471788 0.860027 0.670300 0.581165
 130.000000 0.483904 0.837299 0.680088 0.576685
 140.000000 0.471429 0.871687 0.696233 0.582377
 150.000000 0.477655 0.831651 0.709092 0.581169
 160.000000 0.459460 0.861244 0.654979 0.571081
 170.000000 0.467546 0.845077 0.690081 0.560838
 180.000000 0.494211 0.855823 0.700840 0.590143
 190.000000 0.489528 0.874407 0.673458 0.581526
 200.000000 0.476429 0.891214 0.694239 0.591586
 210.000000 0.478347 0.885364 0.692508 0.568831
 220.000000 0.477389 0.896559 0.675274 0.563125
 230.000000 0.461790 0.861768 0.679861 0.559854
 240.000000 0.460841 0.845200 0.688502 0.570707
 250.000000 0.467275 0.855365 0.673830 0.559110
 260.000000 0.465492 0.826040 0.711142 0.574042
 270.000000 0.465501 0.862135 0.697713 0.565271
 280.000000 0.478167 0.871932 0.677891 0.575968
 290.000000 0.466781 0.851499 0.707251 0.575865
 300.000000 0.488136 0.824231 0.684746 0.595488
 310.000000 0.478176 0.818052 0.675171 0.576091
 320.000000 0.453560 0.839792 0.695072 0.564332
 330.000000 0.468598 0.809339 0.701948 0.577242
 340.000000 0.488840 0.855551 0.680788 0.594157
 350.000000 0.470691 0.839112 0.683496 0.571412
 360.000000 0.469708 0.846569 0.647112 0.563091
 370.000000 0.459161 0.830490 0.696093 0.556120
 380.000000 0.483486 0.857558 0.685719 0.587961
 390.000000 0.471386 0.838320 0.692195 0.567759
 400.000000 0.476502 0.879829 0.698472 0.591724
 410.000000 0.489105 0.850814 0.693553 0.571893
 420.000000 0.476839 0.837603 0.671564 0.576484
 430.000000 0.479699 0.866130 0.655842 0.592067
 440.000000 0.472408 0.843371 0.668396 0.566045
 450.000000 0.464934 0.873940 0.670610 0.577014
 460.000000 0.494634 0.860896 0.679521 0.590542
 470.000000 0.480185 0.855948 0.664337 0.600054
 480.000000 0.486985 0.839028 0.684945 0.581227
 490.000000 0.462310 0.841738 0.686213 0.580247
 500.000000 0.470895 0.861831 0.700209 0.557862
 510.000000 0.466428 0.861854 0.682370 0.579832
 520.000000 0.498701 0.915711 0.677377 0.586009
 530.000000 0.480818 0.816688 0.665579 0.581768
 540.000000 0.469497 0.859771 0.657333 0.572214
 550.000000 0.464307 0.876251 0.704727 0.570752
 560.000000 0.454229 0.846412 0.684027 0.583313
 570.000000 0.476681 0.855316 0.692098 0.570051
 580.000000 0.472884 0.823539 0.711483 0.576994
 590.000000 0.474035 0.828324 0.672437 0.562336
 600.000000 0.461540 0.838711 0.681996 0.549909
 610.000000 0.448861 0.878458 0.653812 0.554919
 620.000000 0.479988 0.891007 0.685308 0.580483
 630.000000 0.515297 0.942935 0.711571 0.615660
 640.000000 0.479525 0.836625 0.702258 0.588270
 650.000000 0.447583 0.860905 0.688920 0.564056
 660.000000 0.452165 0.848625 0.696250 0.555876
 670.000000 0.474193 0.879056 0.692769 0.576255
 680.000000 0.456180 0.821650 0.678291 0.565865
 690.000000 0.487513 0.843716 0.665578 0.576122
 700.000000 0.479480 0.897615 0.660427 0.585032
 710.000000 0.459328 0.867426 0.682332 0.560325
 720.000000 0.462642 0.839859 0.689062 0.546722
 730.000000 0.451256 0.824468 0.677265 0.560959
 740.000000 0.477987 0.833030 0.678594 0.558032
 750.000000 0.482269 0.866462 0.698491 0.558142
 760.000000 0.462380 0.859935 0.687287 0.560018
 770.000000 0.478321 0.861641 0.681438 0.592433
 780.000000 0.457033 0.859674 0.681567 0.562750
 790.000000 0.474310 0.878724 0.688273 0.582761
 800.000000 0.461505 0.883321 0.689413 0.556390
 810.000000 0.464881 0.885704 0.688632 0.542003
 820.000000 0.472081 0.854208 0.687433 0.557055
 830.000000 0.465374 0.848857 0.675201 0.565635
 840.000000 0.469028 0.810579 0.676893 0.573416
 850.000000 0.478230 0.856746 0.663148 0.593723
 860.000000 0.488719 0.875626 0.664189 0.585147
 870.000000 0.475421 0.875584 0.693632 0.562196
 880.000000 0.472354 0.836572 0.702645 0.576286
 890.000000 0.501350 0.844019 0.697504 0.623912
 900.000000 0.472106 0.872858 0.681876 0.575182
 910.000000 0.487290 0.885779 0.648484 0.571302
 920.000000 0.487308 0.827720 0.668967 0.569124
 930.000000 0.465132 0.852751 0.705788 0.575334
 940.000000 0.465833 0.847346 0.698811 0.579411
 950.000000 0.469636 0.917414 0.702451 0.580010
 960.000000 0.473278 0.851335 0.654663 0.560577
 970.000000 0.470131 0.836248 0.695780 0.563453
 980.000000 0.466999 0.850004 0.696179 0.548026
 990.000000 0.507893 0.846549 0.702495 0.597968
 1000.000000 0.501724 0.833059 0.682404 0.599162
 1010.000000 0.527278 0.833513 0.662811 0.611005
 1020.000000 0.480918 0.895003 0.689634 0.596143
 1030.000000 0.472065 0.878214 0.678665 0.562506
 1040.000000 0.459453 0.859864 0.683369 0.557942
 1050.000000 0.492306 0.912222 0.666972 0.581120
 1060.000000 0.470964 0.845767 0.680411 0.560096
 1070.000000 0.489783 0.846098 0.670416 0.586146
 1080.000000 0.468145 0.905576 0.689340 0.554140
 1090.000000 0.466306 0.903815 0.718232 0.580616
 1100.000000 0.463812 0.843925 0.676407 0.579162
 1110.000000 0.469442 0.828909 0.669627 0.589390
 1120.000000 0.468313 0.873191 0.701061 0.583030
 1130.000000 0.482256 0.896905 0.708895 0.586236
 1140.000000 0.476472 0.870558 0.701079 0.577773
 1150.000000 0.465540 0.825861 0.664799 0.551757
 1160.000000 0.474259 0.903124 0.698311 0.570705
 1170.000000 0.459302 0.896161 0.705112 0.556712
 1180.000000 0.473610 0.840862 0.676648 0.566567
 1190.000000 0.487652 0.869172 0.667832 0.588483
 1200.000000 0.464165 0.867644 0.685328 0.562430
 1210.000000 0.455524 0.837496 0.686784 0.570035
 1220.000000 0.468552 0.851792 0.684871 0.589955
 1230.000000 0.479467 0.848080 0.684398 0.565525
 1240.000000 0.472812 0.845064 0.671332 0.572891
 1250.000000 0.468186 0.863917 0.699067 0.553252
 1260.000000 0.464950 0.840884 0.715572 0.571787
 1270.000000 0.458892 0.876198 0.668251 0.546472
 1280.000000 0.460188 0.845578 0.665274 0.563393
 1290.000000 0.470655 0.852066 0.706400 0.585844
 1300.000000 0.481848 0.826564 0.701906 0.597353
 1310.000000 0.473694 0.882898 0.692814 0.582910
 1320.000000 0.466068 0.863488 0.681840 0.566620
 1330.000000 0.461165 0.902004 0.663053 0.551036
 1340.000000 0.455069 0.829774 0.668841 0.564656
 1350.000000 0.457332 0.826784 0.665129 0.554352
 1360.000000 0.493590 0.855122 0.673343 0.591208
 1370.000000 0.511698 0.905063 0.677874 0.588266
 1380.000000 0.470234 0.880252 0.697153 0.562498
 1390.000000 0.490110 0.833919 0.688584 0.582071
 1400.000000 0.494655 0.835144 0.667058 0.575558
 1410.000000 0.483484 0.852582 0.673474 0.582208
 1420.000000 0.474728 0.865112 0.679525 0.575916
 1430.000000 0.485856 0.867954 0.690997 0.585055
 1440.000000 0.464278 0.873428 0.690533 0.556302
 1450.000000 0.473976 0.846636 0.677889 0.571486
 1460.000000 0.468444 0.875379 0.723390 0.577840
 1470.000000 0.458711 0.852482 0.687823 0.575941
 1480.000000 0.456529 0.867068 0.651645 0.542257
 1490.000000 0.474956 0.838880 0.649985 0.573546
 1500.000000 0.471234 0.850578 0.672916 0.553796
 1510.000000 0.477324 0.824763 0.688850 0.568853
 1520.000000 0.464976 0.825198 0.684340 0.551281
 1530.000000 0.472161 0.820900 0.718749 0.567335
 1540.000000 0.466394 0.850867 0.678958 0.553943
 1550.000000 0.448573 0.842009 0.690856 0.547015
 1560.000000 0.479044 0.839286 0.713285 0.602549
 1570.000000 0.487149 0.880435 0.660487 0.604822
 1580.000000 0.476400 0.882118 0.702161 0.571179
 1590.000000 0.477718 0.879910 0.700968 0.576553
 1600.000000 0.476398 0.861288 0.705408 0.576044
 1610.000000 0.468371 0.861359 0.624688 0.561236
 1620.000000 0.485484 0.884519 0.685554 0.569328
 1630.000000 0.497280 0.841239 0.683975 0.592114
 1640.000000 0.486947 0.867032 0.686406 0.575650
 1650.000000 0.474918 0.887255 0.697398 0.579068
 1660.000000 0.466848 0.859751 0.663334 0.568728
 1670.000000 0.461588 0.838057 0.682666 0.582543
 1680.000000 0.469981 0.867284 0.690529 0.581578
 1690.000000 0.475177 0.851652 0.680925 0.589787
 1700.000000 0.455421 0.843632 0.692224 0.566651
 1710.000000 0.488751 0.878755 0.662342 0.601175
 1720.000000 0.488510 0.907173 0.677996 0.585141
 1730.000000 0.462032 0.851540 0.675541 0.552621
 1740.000000 0.456499 0.837749 0.673527 0.551461
 1750.000000 0.472792 0.850587 0.682928 0.582899
 1760.000000 0.468039 0.862835 0.698461 0.572433
 1770.000000 0.471590 0.887653 0.665341 0.562002
 1780.000000 0.462009 0.870803 0.701176 0.572045
 1790.000000 0.475861 0.852537 0.699415 0.589050
 1800.000000 0.454318 0.851941 0.658676 0.563374
 1810.000000 0.466528 0.881287 0.671051 0.558862
 1820.000000 0.465732 0.893407 0.701658 0.558819
 1830.000000 0.489407 0.846545 0.702774 0.585850
 1840.000000 0.470389 0.851427 0.704482 0.586676
 1850.000000 0.475488 0.845771 0.688819 0.571323
 1860.000000 0.470052 0.829202 0.710314 0.571368
 1870.000000 0.468651 0.838236 0.692132 0.582843
 1880.000000 0.481529 0.835651 0.704071 0.582415
 1890.000000 0.476087 0.836877 0.676135 0.572872
 1900.000000 0.479600 0.870223 0.717298 0.587871
 1910.000000 0.471906 0.813547 0.674210 0.570552
 1920.000000 0.462720 0.849311 0.682363 0.561790
 1930.000000 0.463503 0.803957 0.668942 0.565763
 1940.000000 0.473744 0.863485 0.647605 0.577167
 1950.000000 0.461835 0.863115 0.689146 0.576567
 1960.000000 0.477053 0.861124 0.701449 0.587186
 1970.000000 0.482627 0.875421 0.681014 0.567648
 1980.000000 0.477094 0.874262 0.703811 0.572700
 1990.000000 0.459200 0.816149 0.664549 0.552737
 2000.000000 0.460396 0.842252 0.655614 0.565375
 2010.000000 0.452515 0.833083 0.669858 0.554912
 2020.000000 0.455064 0.849106 0.696048 0.569522
 2030.000000 0.460774 0.838388 0.660537 0.573019
 2040.000000 0.493051 0.891623 0.690651 0.592746
 2050.000000 0.465299 0.837197 0.677573 0.580866
 2060.000000 0.462846 0.835163 0.689857 0.567485
 2070.000000 0.465463 0.845519 0.695672 0.588263
 2080.000000 0.483516 0.842359 0.648518 0.578398
 2090.000000 0.481851 0.885628 0.673916 0.583869
 2100.000000 0.471749 0.869544 0.671008 0.569663
 2110.000000 0.483492 0.829572 0.694857 0.591399
 2120.000000 0.474368 0.862637 0.680226 0.579010
 2130.000000 0.516081 0.877630 0.700641 0.595379
 2140.000000 0.490005 0.914489 0.698684 0.589383
 2150.000000 0.468286 0.825945 0.673629 0.571633
 2160.000000 0.465700 0.842367 0.671474 0.568767
 2170.000000 0.462366 0.872474 0.702442 0.561733
 2180.000000 0.472961 0.839926 0.695901 0.564991
 2190.000000 0.465275 0.846272 0.696497 0.574934
 2200.000000 0.458112 0.853635 0.705200 0.553088
 2210.000000 0.466239 0.833756 0.719609 0.558072
 2220.000000 0.483970 0.857586 0.668872 0.608725
 2230.000000 0.491201 0.860193 0.719554 0.599549
 2240.000000 0.458993 0.837689 0.675205 0.564632
 2250.000000 0.465223 0.829664 0.673585 0.567669
 2260.000000 0.456371 0.850644 0.693357 0.567462
 2270.000000 0.462391 0.908771 0.668821 0.576614
 2280.000000 0.462243 0.827537 0.680042 0.561242
 2290.000000 0.469097 0.870981 0.693561 0.577038
 2300.000000 0.464356 0.854051 0.710258 0.575854
 2310.000000 0.467787 0.856704 0.691227 0.555896
 2320.000000 0.479168 0.856632 0.684257 0.581432
 2330.000000 0.495744 0.852747 0.722083 0.579300
 2340.000000 0.472140 0.859818 0.676062 0.576626
 2350.000000 0.459528 0.854604 0.700094 0.568119
 2360.000000 0.486493 0.870448 0.693105 0.584596
 2370.000000 0.479470 0.861671 0.677147 0.562752
 2380.000000 0.459181 0.890635 0.705754 0.565468
 2390.000000 0.470647 0.849525 0.709177 0.591037
 2400.000000 0.463569 0.836777 0.655715 0.564676
 2410.000000 0.455292 0.864438 0.695570 0.548370
 2420.000000 0.451739 0.853373 0.709438 0.552294
 2430.000000 0.460760 0.824439 0.700329 0.553947
 2440.000000 0.464267 0.891621 0.691366 0.571074
 2450.000000 0.459704 0.845905 0.694655 0.573945
 2460.000000 0.481661 0.867097 0.670124 0.566053
 2470.000000 0.469036 0.857055 0.703040 0.588288
 2480.000000 0.465058 0.850475 0.674652 0.574280
 2490.000000 0.463589 0.818695 0.695338 0.565512
 2500.000000 0.479163 0.858020 0.665392 0.560600
