#! FIELDS time n
 0.000000 3.454207
 10.000000 3.202388
 20.000000 2.991473
 30.000000 3.293349
 40.000000 3.665105
 50.000000 3.055500
 60.000000 3.557273
 70.000000 3.667135
 80.000000 3.678335
 90.000000 3.523665
 100.000000 2.988830
 110.000000 3.432949
 120.000000 3.255157
 130.000000 3.300701
 140.000000 3.662798
 150.000000 3.539648
 160.000000 2.886444
 170.000000 3.510763
 180.000000 3.354725
 190.000000 2.966317
 200.000000 3.632198
 210.000000 2.866979
 220.000000 3.702239
 230.000000 2.974624
 240.000000 3.259327
 250.000000 2.524533
 260.000000 3.548152
 270.000000 3.475980
 280.000000 3.294825
 290.000000 3.484092
 300.000000 3.277803
 310.000000 3.574630
 320.000000 3.477219
 330.000000 3.033109
 340.000000 3.026592
 350.000000 3.109387
 360.000000 3.436566
 370.000000 3.644326
 380.000000 3.715635
 390.000000 3.691766
 400.000000 3.959849
 410.000000 3.196309
 420.000000 2.979777
 430.000000 3.188841
 440.000000 3.350571
 450.000000 3.708231
 460.000000 3.786218
 470.000000 3.673374
 480.000000 3.760421
 490.000000 3.493499
 500.000000 3.148122
 510.000000 3.428249
 520.000000 3.507720
 530.000000 3.923638
 540.000000 3.187252
 550.000000 3.095323
 560.000000 3.124021
 570.000000 3.129242
 580.000000 3.504837
 590.000000 3.245362
 600.000000 3.606696
 610.000000 3.297301
 620.000000 3.396458
 630.000000 3.490352
 640.000000 3.184519
 650.000000 3.930823
 660.000000 3.459627
 670.000000 2.945598
 680.000000 3.315425
 690.000000 3.325095
 700.000000 3.615059
 710.000000 3.121961
 720.000000 3.258348
 730.000000 3.619972
 740.000000 3.505232
 750.000000 3.058133
 760.000000 3.091938
 770.000000 3.569883
 780.000000 4.066840
 790.000000 3.110831
 800.000000 3.056716
 810.000000 3.463280
 820.000000 3.401598
 830.000000 2.781144
 840.000000 3.494884
 850.000000 3.765117
 860.000000 3.247209
 870.000000 2.907322
 880.000000 3.555356
 890.000000 3.179742
 900.000000 3.637374
 910.000000 3.136551
 920.000000 3.200869
 930.000000 3.195760
 940.000000 3.260091
 950.000000 3.023536
 960.000000 3.209802
 970.000000 3.705681
 980.000000 3.834769
 990.000000 3.645518
 1000.000000 3.105779
 1010.000000 3.436492
 1020.000000 3.597799
 1030.000000 3.672527
 1040.000000 3.002225
 1050.000000 3.020454
 1060.000000 2.883356
 1070.000000 3.103402
 1080.000000 3.352803
 1090.000000 3.392423
 1100.000000 3.178577
 1110.000000 3.582198
 1120.000000 3.309242
 1130.000000 3.427009
 1140.000000 3.462631
 1150.000000 3.260329
 1160.000000 3.831483
 1170.000000 2.583702
 1180.000000 3.539270
 1190.000000 3.016410
 1200.000000 2.822361
 1210.000000 2.965181
 1220.000000 3.049774
 1230.000000 3.269356
 1240.000000 3.771883
 1250.000000 3.163853
 1260.000000 3.468424
 1270.000000 2.868907
 1280.000000 3.689983
 1290.000000 3.282286
 1300.000000 3.776686
 1310.000000 3.137184
 1320.000000 3.213522
 1330.000000 3.943919
 1340.000000 3.591443
 1350.000000 3.800495
 1360.000000 3.763769
 1370.000000 3.693110
 1380.000000 3.815940
 1390.000000 3.692313
 1400.000000 3.198058
 1410.000000 3.596436
 1420.000000 2.779078
 1430.000000 3.984979
 1440.000000 3.323635
 1450.000000 3.184732
 1460.000000 3.451996
 1470.000000 3.085797
 1480.000000 3.664541
 1490.000000 2.920837
 1500.000000 3.305600
 1510.000000 3.322011
 1520.000000 3.689662
 1530.000000 2.991565
 1540.000000 3.427390
 1550.000000 3.538294
 1560.000000 3.356636
 1570.000000 2.525752
 1580.000000 3.141314
 1590.000000 3.269368
 1600.000000 3.171281
 1610.000000 3.846038
 1620.000000 3.705681
 1630.000000 3.728621
 1640.000000 3.477496
 1650.000000 2.924048
 1660.000000 3.142253
 1670.000000 2.576438
 1680.000000 3.721060
 1690.000000 3.994032
 1700.000000 3.569462
 1710.000000 3.633117
 1720.000000 3.820808
 1730.000000 3.180381
 1740.000000 3.324669
 1750.000000 2.719087
 1760.000000 3.217246
 1770.000000 4.045350
 1780.000000 3.556622
 1790.000000 3.045498
 1800.000000 3.997441
 1810.000000 2.997404
 1820.000000 2.980562
 1830.000000 4.104846
 1840.000000 3.163182
 1850.000000 3.341741
 1860.000000 3.647370
 1870.000000 2.895101
 1880.000000 2.964345
 1890.000000 3.493914
 1900.000000 3.212939
 1910.000000 3.267206
 1920.000000 3.293694
 1930.000000 3.102463
 1940.000000 3.718338
 1950.000000 3.359384
 1960.000000 3.128068
 1970.000000 3.603822
 1980.000000 2.854878
 1990.000000 3.389045
 2000.000000 3.330001
 2010.000000 3.513761
 2020.000000 3.172893
 2030.000000 3.262812
 2040.000000 2.857840
 2050.000000 3.378671
 2060.000000 3.251026
 2070.000000 2.974566
 2080.000000 3.177800
 2090.000000 3.349415
 2100.000000 3.784150
 2110.000000 2.631421
 2120.000000 2.743280
 2130.000000 3.124288
 2140.000000 3.205170
 2150.000000 3.532482
 2160.000000 3.469856
 2170.000000 2.861004
 2180.000000 3.333722
 2190.000000 3.247135
 2200.000000 3.017767
 2210.000000 3.208347
 2220.000000 3.425027
 2230.000000 3.703210
 2240.000000 3.387544
 2250.000000 4.006462
 2260.000000 2.756152
 2270.000000 3.024299
 2280.000000 2.687566
 2290.000000 2.947192
 2300.000000 2.937722
 2310.000000 3.774791
 2320.000000 3.366639
 2330.000000 3.886674
 2340.000000 3.093250
 2350.000000 3.788127
 2360.000000 2.965842
 2370.000000 3.790695
 2380.000000 3.011053
 2390.000000 3.664551
 2400.000000 3.373169
 2410.000000 2.438264
 2420.000000 2.931083
 2430.000000 3.418586
 2440.000000 3.485517
 2450.000000 3.016578
 2460.000000 3.227293
 2470.000000 3.324341
 2480.000000 2.705756
 2490.000000 3.055953
 2500.000000 3.742460
 2510.000000 3.472280
 2520.000000 3.725706
 2530.000000 3.310025
 2540.000000 3.242194
 2550.000000 2.922784
 2560.000000 3.492777
 2570.000000 3.183747
 2580.000000 3.178564
 2590.000000 3.713909
 2600.000000 3.063294
 2610.000000 3.056266
 2620.000000 3.601166
 2630.000000 2.765348
 2640.000000 3.996290
 2650.000000 3.533848
 2660.000000 3.004316
 2670.000000 2.854768
 2680.000000 3.331832
 2690.000000 3.743429
 2700.000000 3.416577
 2710.000000 3.087040
 2720.000000 3.708446
 2730.000000 4.006707
 2740.000000 3.224055
 2750.000000 3.311550
 2760.000000 3.277831
 2770.000000 3.427046
 2780.000000 3.498927
 2790.000000 3.186753
 2800.000000 2.900588
 2810.000000 3.455696
 2820.000000 2.583882
 2830.000000 3.597721
 2840.000000 3.728823
 2850.000000 3.189939
 2860.000000 2.972858
 2870.000000 3.352546
 2880.000000 2.417905
 2890.000000 2.793609
 2900.000000 3.223969
 2910.000000 3.143240
 2920.000000 3.556852
 2930.000000 2.837491
 2940.000000 3.084260
 2950.000000 3.210273
 2960.000000 2.830540
 2970.000000 3.661734
 2980.000000 3.471046
 2990.000000 3.600710
 3000.000000 3.436532
 3010.000000 3.526753
 3020.000000 3.243735
 3030.000000 3.543625
 3040.000000 3.256998
 3050.000000 2.871111
 3060.000000 3.737376
 3070.000000 3.540722
 3080.000000 3.457162
 3090.000000 3.148897
 3100.000000 3.179855
 3110.000000 2.858250
 3120.000000 3.180354
 3130.000000 3.844146
 3140.000000 4.167525
 3150.000000 3.106463
 3160.000000 3.625434
 3170.000000 3.287167
 3180.000000 3.655225
 3190.000000 3.494282
 3200.000000 3.785164
 3210.000000 2.983052
 3220.000000 3.709089
 3230.000000 3.742062
 3240.000000 3.067243
 3250.000000 3.419757
 3260.000000 2.877344
 3270.000000 3.158010
 3280.000000 3.376110
 3290.000000 3.472007
 3300.000000 3.058610
 3310.000000 3.326476
 3320.000000 3.007828
 3330.000000 3.710738
 3340.000000 3.222415
 3350.000000 3.394187
 3360.000000 3.142052
 3370.000000 2.956411
 3380.000000 3.297244
 3390.000000 3.540843
 3400.000000 2.951759
 3410.000000 3.626674
 3420.000000 2.781688
 3430.000000 2.933236
 3440.000000 3.590467
 3450.000000 3.482355
 3460.000000 3.543257
 3470.000000 2.988508
 3480.000000 3.473871
 3490.000000 2.686189
 3500.000000 3.050670
 3510.000000 3.705672
 3520.000000 3.644418
 3530.000000 3.775619
 3540.000000 3.335784
 3550.000000 3.039497
 3560.000000 3.026124
 3570.000000 2.574794
 3580.000000 3.066644
 3590.000000 3.308631
 3600.000000 3.866650
 3610.000000 3.438976
 3620.000000 2.842998
 3630.000000 3.211698
 3640.000000 3.206709
 3650.000000 3.622813
 3660.000000 2.781991
 3670.000000 2.627993
 3680.000000 3.907651
 3690.000000 3.147663
 3700.000000 3.801775
 3710.000000 2.892514
 3720.000000 3.594629
 3730.000000 3.142953
 3740.000000 3.412825
 3750.000000 2.876755
 3760.000000 3.413596
 3770.000000 3.123232
 3780.000000 3.462725
 3790.000000 2.923976
 3800.000000 3.271434
 3810.000000 3.872840
 3820.000000 3.523405
 3830.000000 3.698627
 3840.000000 3.655880
 3850.000000 3.972475
 3860.000000 3.380725
 3870.000000 3.186759
 3880.000000 3.300910
 3890.000000 3.186474
 3900.000000 3.038631
 3910.000000 3.461479
 3920.000000 4.056253
 3930.000000 3.220443
 3940.000000 2.761449
 3950.000000 3.289362
 3960.000000 3.365914
 3970.000000 3.284115
 3980.000000 3.595486
 3990.000000 3.353085
 4000.000000 3.067287
 4010.000000 3.913652
 4020.000000 2.354542
 4030.000000 3.597860
 4040.000000 3.017683
 4050.000000 3.321551
 4060.000000 3.650730
 4070.000000 3.184510
 4080.000000 3.057814
 4090.000000 3.367134
 4100.000000 3.391474
 4110.000000 3.172931
 4120.000000 3.130458
 4130.000000 3.254937
 4140.000000 3.626243
 4150.000000 3.218984
 4160.000000 3.982020
 4170.000000 3.523015
 4180.000000 2.678835
 4190.000000 3.482691
 4200.000000 3.236496
 4210.000000 3.060932
 4220.000000 3.679114
 4230.000000 3.495325
 4240.000000 2.685203
 4250.000000 2.762123
 4260.000000 3.055731
 4270.000000 3.239583
 4280.000000 3.328983
 4290.000000 3.161544
 4300.000000 3.377911
 4310.000000 3.796473
 4320.000000 2.973824
 4330.000000 3.673795
 4340.000000 3.266849
 4350.000000 3.614806
 4360.000000 3.565415
 4370.000000 3.360503
 4380.000000 3.450510
 4390.000000 3.267418
 4400.000000 4.438473
 4410.000000 3.082828
 4420.000000 3.215583
 4430.000000 4.072338
 4440.000000 3.138038
 4450.000000 3.462828
 4460.000000 3.366610
 4470.000000 3.591884
 4480.000000 2.771165
 4490.000000 3.577472
 4500.000000 3.294551
 4510.000000 3.007989
 4520.000000 3.567132
 4530.000000 2.847216
 4540.000000 3.519564
 4550.000000 2.682101
 4560.000000 3.241373
 4570.000000 3.087226
 4580.000000 3.234938
 4590.000000 3.429498
 4600.000000 3.350298
 4610.000000 3.412874
 4620.000000 3.450617
 4630.000000 3.635315
 4640.000000 3.432313
 4650.000000 3.667241
 4660.000000 2.833119
 4670.000000 3.885070
 4680.000000 2.813153
 4690.000000 3.128084
 4700.000000 3.071890
 4710.000000 3.925022
 4720.000000 3.010128
 4730.000000 2.527824
 4740.000000 4.032344
 4750.000000 3.365510
 4760.000000 3.468008
 4770.000000 3.247229
 4780.000000 3.001979
 4790.000000 2.713392
 4800.000000 4.002962
 4810.000000 3.549619
 4820.000000 3.097653
 4830.000000 3.429152
 4840.000000 3.294333
 4850.000000 2.862223
 4860.000000 3.689854
 4870.000000 2.701889
 4880.000000 2.965025
 4890.000000 3.710311
 4900.000000 3.557810
 4910.000000 3.060946
 4920.000000 3.730546
 4930.000000 2.771461
 4940.000000 3.053371
 4950.000000 2.838711
 4960.000000 3.271116
 4970.000000 3.258093
 4980.000000 2.989767
 4990.000000 3.648482
 5000.000000 3.090975
 5010.000000 2.946809
 5020.000000 3.040815
 5030.000000 3.066398
 5040.000000 3.713874
 5050.000000 3.185857
 5060.000000 3.131255
 5070.000000 3.158817
 5080.000000 3.511002
 5090.000000 3.211810
 5100.000000 3.504307
 5110.000000 2.740963
 5120.000000 3.155877
 5130.000000 3.506411
 5140.000000 2.916713
 5150.000000 3.497339
 5160.000000 3.336467
 5170.000000 3.715507
 5180.000000 2.880653
 5190.000000 3.340053
 5200.000000 3.216662
 5210.000000 3.170056
 5220.000000 2.872211
 5230.000000 3.538892
 5240.000000 3.262348
 5250.000000 3.330943
 5260.000000 3.103072
 5270.000000 3.552706
 5280.000000 2.791234
 5290.000000 3.155716
 5300.000000 3.654389
 5310.000000 3.625178
 5320.000000 2.967160
 5330.000000 3.346161
 5340.000000 2.947971
 5350.000000 3.697162
 5360.000000 2.891138
 5370.000000 3.561868
 5380.000000 3.204191
 5390.000000 3.789665
 5400.000000 3.577712
 5410.000000 2.190449
 5420.000000 3.017512
 5430.000000 3.314891
 5440.000000 3.619457
 5450.000000 2.796609
 5460.000000 3.250231
 5470.000000 4.004438
 5480.000000 3.247233
 5490.000000 3.231901
 5500.000000 3.567589
 5510.000000 3.183851
 5520.000000 2.674959
 5530.000000 3.102225
 5540.000000 3.853713
 5550.000000 3.970257
 5560.000000 3.497249
 5570.000000 4.014514
 5580.000000 3.311438
 5590.000000 3.369760
 5600.000000 3.095557
 5610.000000 3.619691
 5620.000000 3.116534
 5630.000000 3.136095
 5640.000000 2.275705
 5650.000000 3.723735
 5660.000000 3.211359
 5670.000000 2.658000
 5680.000000 3.622485
 5690.000000 3.613516
 5700.000000 3.593915
 5710.000000 3.669133
 5720.000000 3.221726
 5730.000000 3.706878
 5740.000000 3.516964
 5750.000000 2.936016
 5760.000000 3.473896
 5770.000000 3.095261
 5780.000000 3.754597
 5790.000000 3.255854
 5800.000000 3.291886
 5810.000000 3.439563
 5820.000000 3.531665
 5830.000000 3.190750
 5840.000000 2.569163
 5850.000000 3.255100
 5860.000000 4.203048
 5870.000000 3.113055
 5880.000000 3.270369
 5890.000000 3.197479
 5900.000000 3.239649
 5910.000000 2.720568
 5920.000000 2.606292
 5930.000000 3.990551
 5940.000000 3.594421
 5950.000000 3.073848
 5960.000000 3.250356
 5970.000000 3.888445
 5980.000000 3.598692
 5990.000000 3.465362
 6000.000000 3.868266
 6010.000000 3.614823
 6020.000000 3.568417
 6030.000000 3.190505
 6040.000000 3.245691
 6050.000000 3.722461
 6060.000000 2.602679
 6070.000000 3.301156
 6080.000000 3.089749
 6090.000000 3.286878
 6100.000000 3.445787
 6110.000000 3.439682
 6120.000000 3.016873
 6130.000000 3.044755
 6140.000000 3.301143
 6150.000000 3.241422
 6160.000000 3.311278
 6170.000000 3.467118
 6180.000000 3.261176
 6190.000000 2.924858
 6200.000000 2.596698
 6210.000000 3.271794
 6220.000000 3.269407
 6230.000000 2.646802
 6240.000000 3.264273
 6250.000000 3.719637
 6260.000000 3.582524
 6270.000000 3.853607
 6280.000000 3.832706
 6290.000000 3.869052
 6300.000000 3.967941
 6310.000000 3.038393
 6320.000000 3.399013
 6330.000000 3.853977
 6340.000000 3.296045
 6350.000000 3.703678
 6360.000000 3.676320
 6370.000000 2.993270
 6380.000000 3.229827
 6390.000000 3.046595
 6400.000000 3.351037
 6410.000000 3.029947
 6420.000000 4.012690
 6430.000000 4.100404
 6440.000000 2.819590
 6450.000000 3.251653
 6460.000000 3.431806
 6470.000000 3.064426
 6480.000000 3.274463
 6490.000000 2.769198
 6500.000000 3.660418
 6510.000000 3.737975
 6520.000000 3.212769
 6530.000000 3.861943
 6540.000000 3.619802
 6550.000000 3.752081
 6560.000000 3.306798
 6570.000000 3.087860
 6580.000000 3.164317
 6590.000000 2.912376
 6600.000000 3.189484
 6610.000000 3.037915
 6620.000000 3.369921
 6630.000000 3.736291
 6640.000000 3.683361
 6650.000000 3.438148
 6660.000000 3.383551
 6670.000000 3.013776
 6680.000000 2.847872
 6690.000000 3.249035
 6700.000000 3.161094
 6710.000000 2.838666
 6720.000000 3.029833
 6730.000000 2.525562
 6740.000000 3.081777
 6750.000000 3.576594
 6760.000000 2.958181
 6770.000000 2.575271
 6780.000000 3.164894
 6790.000000 3.115451
 6800.000000 3.299357
 6810.000000 3.755242
 6820.000000 3.338041
 6830.000000 3.485422
 6840.000000 2.875550
 6850.000000 3.429717
 6860.000000 3.283271
 6870.000000 3.599618
 6880.000000 3.460683
 6890.000000 3.170762
 6900.000000 3.127425
 6910.000000 3.488324
 6920.000000 3.418629
 6930.000000 4.306022
 6940.000000 3.247342
 6950.000000 4.156011
 6960.000000 3.046776
 6970.000000 3.393456
 6980.000000 3.022242
 6990.000000 3.168030
 7000.000000 3.927843
 7010.000000 3.380296
 7020.000000 3.509782
 7030.000000 3.457642
 7040.000000 3.724715
 7050.000000 3.224460
 7060.000000 3.033991
 7070.000000 4.051945
 7080.000000 3.053744
 7090.000000 3.172496
 7100.000000 2.972351
 7110.000000 3.261460
 7120.000000 3.066426
 7130.000000 2.907145
 7140.000000 3.544993
 7150.000000 3.285082
 7160.000000 3.167309
 7170.000000 3.197208
 7180.000000 3.536047
 7190.000000 3.112302
 7200.000000 3.195840
 7210.000000 3.177157
 7220.000000 3.349311
 7230.000000 3.532372
 7240.000000 3.209765
 7250.000000 3.588278
 7260.000000 2.793441
 7270.000000 3.680423
 7280.000000 2.649359
 7290.000000 3.291343
 7300.000000 2.942275
 7310.000000 3.282037
 7320.000000 3.095377
 7330.000000 3.282457
 7340.000000 3.147559
 7350.000000 3.613537
 7360.000000 3.563883
 7370.000000 3.076625
 7380.000000 4.150155
 7390.000000 3.181201
 7400.000000 3.052487
 7410.000000 2.583490
 7420.000000 3.615050
 7430.000000 3.682155
 7440.000000 3.204849
 7450.000000 3.129235
 7460.000000 3.459706
 7470.000000 3.177424
 7480.000000 3.356632
 7490.000000 3.238252
 7500.000000 3.248176
 7510.000000 3.173734
 7520.000000 3.330344
 7530.000000 4.008369
 7540.000000 3.193615
 7550.000000 3.302380
 7560.000000 3.684944
 7570.000000 3.296775
 7580.000000 3.445088
 7590.000000 3.780909
 7600.000000 3.551029
 7610.000000 3.038072
 7620.000000 3.389161
 7630.000000 3.339503
 7640.000000 3.728149
 7650.000000 3.290948
 7660.000000 3.411902
 7670.000000 3.682934
 7680.000000 3.858364
 7690.000000 3.879881
 7700.000000 3.226931
 7710.000000 3.340374
 7720.000000 3.678011
 7730.000000 3.416974
 7740.000000 3.455980
 7750.000000 3.453724
 7760.000000 3.005449
 7770.000000 2.991029
 7780.000000 3.157295
 7790.000000 2.656455
 7800.000000 3.251059
 7810.000000 3.638426
 7820.000000 3.114584
 7830.000000 2.697316
 7840.000000 3.744919
 7850.000000 2.870308
 7860.000000 3.662985
 7870.000000 3.096935
 7880.000000 3.180723
 7890.000000 3.762034
 7900.000000 3.109970
 7910.000000 3.669353
 7920.000000 2.934162
 7930.000000 3.036217
 7940.000000 3.846056
 7950.000000 2.890783
 7960.000000 2.894428
 7970.000000 2.954007
 7980.000000 3.522501
 7990.000000 2.968293
 8000.000000 3.416031
 8010.000000 2.931390
 8020.000000 3.132475
 8030.000000 3.340840
 8040.000000 3.204626
 8050.000000 2.681809
 8060.000000 3.655754
 8070.000000 3.335782
 8080.000000 3.743896
 8090.000000 3.610353
 8100.000000 3.290172
 8110.000000 3.520961
 8120.000000 3.425019
 8130.000000 3.049275
 8140.000000 3.140732
 8150.000000 3.273956
 8160.000000 3.030126
 8170.000000 2.915280
 8180.000000 3.182156
 8190.000000 3.459895
 8200.000000 2.785369
 8210.000000 3.992175
 8220.000000 3.155857
 8230.000000 3.482490
 8240.000000 3.326072
 8250.000000 3.741368
 8260.000000 3.036780
 8270.000000 3.547023
 8280.000000 3.633324
 8290.000000 3.140652
 8300.000000 3.136769
 8310.000000 3.191763
 8320.000000 3.993266
 8330.000000 3.185356
 8340.000000 3.286006
 8350.000000 3.301582
 8360.000000 3.504081
 8370.000000 2.927743
 8380.000000 3.403648
 8390.000000 3.063395
 8400.000000 3.640926
 8410.000000 3.578249
 8420.000000 3.540552
 8430.000000 3.436145
 8440.000000 3.777391
 8450.000000 3.280669
 8460.000000 3.156194
 8470.000000 2.829244
 8480.000000 2.910995
 8490.000000 3.639161
 8500.000000 3.217698
 8510.000000 2.775151
 8520.000000 3.841257
 8530.000000 3.513524
 8540.000000 3.878000
 8550.000000 3.181084
 8560.000000 3.399090
 8570.000000 3.148957
 8580.000000 3.599868
 8590.000000 3.450012
 8600.000000 3.311455
 8610.000000 2.997553
 8620.000000 3.487143
 8630.000000 2.732965
 8640.000000 2.749509
 8650.000000 3.198159
 8660.000000 3.308287
 8670.000000 2.894418
 8680.000000 3.196884
 8690.000000 2.959149
 8700.000000 3.339323
 8710.000000 3.758779
 8720.000000 2.800740
 8730.000000 3.240987
 8740.000000 3.171095
 8750.000000 3.203342
 8760.000000 3.197699
 8770.000000 3.097700
 8780.000000 2.909522
 8790.000000 3.145428
 8800.000000 4.040690
 8810.000000 3.390166
 8820.000000 3.248395
 8830.000000 3.173841
 8840.000000 3.646546
 8850.000000 3.013484
 8860.000000 4.001796
 8870.000000 3.138062
 8880.000000 3.450822
 8890.000000 3.512349
 8900.000000 3.293328
 8910.000000 3.169079
 8920.000000 3.408683
 8930.000000 3.224384
 8940.000000 3.177271
 8950.000000 3.628329
 8960.000000 2.821183
 8970.000000 3.349899
 8980.000000 3.335697
 8990.000000 2.868594
 9000.000000 2.915571
 9010.000000 3.482310
 9020.000000 2.850689
 9030.000000 2.842196
 9040.000000 3.465106
 9050.000000 3.443638
 9060.000000 3.190763
 9070.000000 2.587054
 9080.000000 2.741934
 9090.000000 3.096116
 9100.000000 4.083274
 9110.000000 3.597584
 9120.000000 3.883586
 9130.000000 2.579748
 9140.000000 3.684438
 9150.000000 2.867244
 9160.000000 3.600645
 9170.000000 3.521935
 9180.000000 3.863208
 9190.000000 3.732200
 9200.000000 3.373744
 9210.000000 3.205351
 9220.000000 3.062080
 9230.000000 3.482348
 9240.000000 3.488687
 9250.000000 3.356694
 9260.000000 3.620204
 9270.000000 3.510630
 9280.000000 3.589142
 9290.000000 3.191778
 9300.000000 4.056790
 9310.000000 4.069253
 9320.000000 3.269218
 9330.000000 2.749448
 9340.000000 3.343999
 9350.000000 2.919020
 9360.000000 3.284214
 9370.000000 3.397294
 9380.000000 3.477292
 9390.000000 3.732118
 9400.000000 3.286915
 9410.000000 3.930426
 9420.000000 3.038319
 9430.000000 3.493609
 9440.000000 3.530224
 9450.000000 3.129219
 9460.000000 3.722600
 9470.000000 3.704118
 9480.000000 3.444925
 9490.000000 2.994885
 9500.000000 2.972060
 9510.000000 2.739690
 9520.000000 3.500516
 9530.000000 3.447377
 9540.000000 3.143046
 9550.000000 2.265644
 9560.000000 3.982666
 9570.000000 3.715417
 9580.000000 3.580400
 9590.000000 3.264212
 9600.000000 3.924572
 9610.000000 2.480104
 9620.000000 3.014154
 9630.000000 3.357124
 9640.000000 3.752424
 9650.000000 3.383899
 9660.000000 3.737793
 9670.000000 3.407522
 9680.000000 3.441975
 9690.000000 2.964396
 9700.000000 3.586211
 9710.000000 3.187635
 9720.000000 3.076438
 9730.000000 3.257406
 9740.000000 3.237448
 9750.000000 2.825730
 9760.000000 2.885955
 9770.000000 3.910272
 9780.000000 3.563352
 9790.000000 4.218487
 9800.000000 3.136422
 9810.000000 3.037176
 9820.000000 4.300455
 9830.000000 3.939717
 9840.000000 3.464823
 9850.000000 2.782317
 9860.000000 3.704341
 9870.000000 3.453080
 9880.000000 3.562074
 9890.000000 3.097627
 9900.000000 3.627395
 9910.000000 3.675144
 9920.000000 3.334767
 9930.000000 3.718648
 9940.000000 2.876074
 9950.000000 2.910993
 9960.000000 3.455526
 9970.000000 2.998533
 9980.000000 3.337396
 9990.000000 3.434160
 10000.000000 3.257757
