#! FIELDS time theta lambda metad.bias
#! SET min_theta -pi
#! SET max_theta pi
 0.000000 3.037152 0.000000 0.000000
 0.020000 3.046122 0.000000 0.000000
 0.040000 -3.140054 0.000000 2.432734
 0.060000 3.065952 0.000000 4.886175
 0.080000 2.909075 0.000000 6.854911
 0.100000 2.868642 0.000000 9.000144
 0.120000 2.944920 0.000000 11.674040
 0.140000 3.027589 0.000000 14.015055
 0.160000 3.119900 0.000000 15.856729
 0.180000 -3.098663 0.000000 17.478231
 0.200000 -3.033333 0.000000 18.795362
 0.220000 -3.069648 0.000000 21.494083
 0.240000 3.070490 0.000000 24.595992
 0.260000 2.962643 0.000000 26.130590
 0.280000 2.919221 0.000000 27.652746
 0.300000 2.791261 0.000000 27.012081
 0.320000 2.812898 0.000000 29.628451
 0.340000 2.922029 0.000000 33.713688
 0.360000 3.088348 0.000000 35.946351
 0.380000 -2.916918 1.000000 0.000000
 0.400000 -2.672979 0.000000 19.961068
 0.420000 -2.442393 0.000000 12.810371
 0.440000 -2.401367 0.000000 13.678909
 0.460000 -2.489024 0.000000 18.992740
 0.480000 -2.597894 0.000000 25.255441
 0.500000 -2.666282 0.000000 29.955945
 0.520000 -2.740036 0.000000 34.707455
 0.540000 -2.780309 0.000000 38.069750
 0.560000 -2.820965 0.000000 41.305764
 0.580000 -2.893733 1.000000 2.476292
 0.600000 3.124657 1.000000 4.324199
 0.620000 2.934409 1.000000 5.556669
 0.640000 2.853808 1.000000 7.273166
 0.660000 2.723243 0.000000 35.825920
 0.680000 2.634093 0.000000 33.282201
 0.700000 2.613176 0.000000 34.161410
 0.720000 2.354055 0.000000 22.248895
 0.740000 2.163489 0.000000 15.522854
 0.760000 2.314466 0.000000 24.520807
 0.780000 2.528521 0.000000 37.194921
 0.800000 2.554305 0.000000 40.367713
 0.820000 2.571090 0.000000 43.048423
 0.840000 2.485208 0.000000 40.654940
 0.860000 2.401770 1.000000 4.498932
 0.880000 2.549529 0.000000 45.725036
 0.900000 2.509127 0.000000 45.550322
 0.920000 2.759106 1.000000 10.552239
 0.940000 3.136904 0.000000 58.528195
 0.960000 -3.020360 1.000000 12.648864
 0.980000 -2.990105 1.000000 14.631552
 1.000000 -2.741023 1.000000 13.190224
 1.020000 -2.575322 1.000000 12.165899
 1.040000 -2.344765 0.000000 24.541769
 1.060000 -2.036106 0.000000 13.919761
 1.080000 -1.782108 0.000000 8.767691
 1.100000 -1.503825 0.000000 5.738780
 1.120000 -1.019373 0.000000 2.724123
 1.140000 -0.064090 0.000000 0.436335
 1.160000 0.493890 0.000000 1.359407
 1.180000 0.083796 0.000000 4.349064
 1.200000 -0.702185 0.000000 4.896611
 1.220000 -0.195835 0.000000 7.549018
 1.240000 0.459022 0.000000 6.893210
 1.260000 0.656406 0.000000 7.299649
 1.280000 0.084140 0.000000 12.474521
 1.300000 -0.545896 0.000000 10.594956
 1.320000 -0.482021 0.000000 13.374458
 1.340000 0.142577 0.000000 16.716593
 1.360000 0.629176 0.000000 12.913546
 1.380000 0.644238 0.000000 14.921440
 1.400000 0.140337 0.000000 21.693745
 1.420000 -0.384153 0.000000 19.359412
 1.440000 -0.476746 0.000000 20.212408
 1.460000 -0.187945 0.000000 25.643929
 1.480000 0.122243 0.000000 27.889421
 1.500000 0.170753 1.000000 0.000000
 1.520000 -0.102996 1.000000 2.133918
 1.540000 -0.489930 0.000000 24.876145
 1.560000 -0.522457 0.000000 26.319042
 1.580000 -0.258880 0.000000 32.323179
 1.600000 0.339777 1.000000 3.991890
 1.620000 0.645947 0.000000 21.226316
 1.640000 0.644266 0.000000 23.418840
 1.660000 0.348200 0.000000 32.714543
 1.680000 0.048158 0.000000 37.899706
 1.700000 -0.103266 0.000000 39.471858
 1.720000 -0.143893 1.000000 5.979352
 1.740000 -0.204691 1.000000 7.958340
 1.760000 -0.318550 1.000000 9.302087
 1.780000 -0.330967 1.000000 11.499227
 1.800000 -0.260613 0.000000 39.446280
 1.820000 -0.291684 0.000000 40.774765
 1.840000 -0.488545 0.000000 37.585380
 1.860000 -0.552903 1.000000 10.695185
 1.880000 -0.494864 0.000000 39.303377
 1.900000 -0.655625 0.000000 35.475260
 1.920000 -0.810321 1.000000 8.440943
 1.940000 -0.849918 0.000000 29.587037
 1.960000 -1.054278 0.000000 23.785153
 1.980000 -1.296614 0.000000 18.866742
 2.000000 -1.435088 0.000000 18.558301
