#! FIELDS time theta lambda sigma_theta sigma_lambda height biasf
#! SET multivariate false
#! SET kerneltype gaussian
#! SET min_theta -pi
#! SET max_theta pi
    0.02000000094994903      3.046121925539509                      0                    0.5                 0.0001      2.520972415856761                     60
    0.04000000189989805     -3.140053749271555                      0                    0.5                 0.0001      2.479366825481699                     60
    0.06000000284984708       3.06595233139935                      0                    0.5                 0.0001      2.438102517697272                     60
     0.0800000037997961       2.90907536198317                      0                    0.5                 0.0001       2.40548762020835                     60
     0.1000000047497451      2.868641994935333                      0                    0.5                 0.0001      2.370445345284169                     60
     0.1200000056996942      2.944920006258982                      0                    0.5                 0.0001      2.327481196895762                     60
     0.1400000066496432      3.027589442851503                      0                    0.5                 0.0001      2.290505602536823                     60
     0.1600000075995922      3.119900217017471                      0                    0.5                 0.0001      2.261830239830356                     60
     0.1800000085495412     -3.098663100124433                      0                    0.5                 0.0001      2.236880347358669                     60
     0.2000000094994903       -3.0333328519621                      0                    0.5                 0.0001      2.216816492930908                     60
     0.2200000104494393     -3.069647908256299                      0                    0.5                 0.0001      2.176267251850234                     60
     0.2400000113993883       3.07049037121737                      0                    0.5                 0.0001      2.130575350414345                     60
     0.2600000123493373      2.962643071468197                      0                    0.5                 0.0001      2.108326290883941                     60
     0.2800000132992864      2.919220542292259                      0                    0.5                 0.0001      2.086487152637771                     60
     0.3000000142492354      2.791261401896606                      0                    0.5                 0.0001      2.095651389907564                     60
     0.3200000151991844      2.812898104155317                      0                    0.5                 0.0001      2.058477752964861                     60
     0.3400000161491334      2.922029143548739                      0                    0.5                 0.0001      2.001748524031723                     60
     0.3600000170990825      3.088348451331034                      0                    0.5                 0.0001        1.9714083573056                     60
     0.3800000180490315     -2.916917664010367                      1                    0.5                 0.0001      2.520972415856761                     60
     0.4000000189989805     -2.672979316079656                      0                    0.5                 0.0001      2.199209471304973                     60
     0.4200000199489295     -2.442392804488573                      0                    0.5                 0.0001      2.309459233862946                     60
     0.4400000208988786     -2.401366680385919                      0                    0.5                 0.0001      2.295778572349304                     60
     0.4600000218488276     -2.489024172037295                      0                    0.5                 0.0001      2.213825378588331                     60
     0.4800000227987766     -2.597894199206189                      0                    0.5                 0.0001      2.120985831647453                     60
     0.5000000237487257     -2.666281628794185                      0                    0.5                 0.0001      2.053871359920187                     60
     0.5200000246986747     -2.740035678416305                      0                    0.5                 0.0001      1.988186756694208                     60
     0.5400000256486237     -2.780309291013477                      0                    0.5                 0.0001      1.942979762747831                     60
     0.5600000265985727     -2.820965244172651                      0                    0.5                 0.0001      1.900441650826822                     60
     0.5800000275485218     -2.893733172227688                      1                    0.5                 0.0001      2.478628167363333                     60
     0.6000000284984708      3.124657385539688                      1                    0.5                 0.0001      2.447493307539502                     60
     0.6200000294484198      2.934409389007263                      1                    0.5                 0.0001       2.42694547572541                     60
     0.6400000303983688      2.853808385751416                      1                    0.5                 0.0001      2.398615032881441                     60
     0.6600000313483179      2.723242675924988                      0                    0.5                 0.0001      1.973033131177999                     60
     0.6800000322982669      2.634092884385028                      0                    0.5                 0.0001      2.007665719303036                     60
     0.7000000332482159      2.613176017897866                      0                    0.5                 0.0001      1.995627135910665                     60
     0.7200000341981649      2.354055054367773                      0                    0.5                 0.0001      2.165059264568449                     60
      0.740000035148114      2.163488609413371                      0                    0.5                 0.0001      2.267001981319736                     60
      0.760000036098063      2.314466284499013                      0                    0.5                 0.0001       2.13167141461698                     60
      0.780000037048012      2.528520796150761                      0                    0.5                 0.0001       1.95464218701633                     60
      0.800000037997961      2.554304827842568                      0                    0.5                 0.0001      1.912675763814838                     60
     0.8200000389479101      2.571090297069826                      0                    0.5                 0.0001      1.877921118308078                     60
     0.8400000398978591      2.485208372131859                      0                    0.5                 0.0001      1.908921397163635                     60
     0.8600000408478081      2.401769757943307                      1                    0.5                 0.0001      2.444569591151249                     60
     0.8800000417977571      2.549528617539417                      0                    0.5                 0.0001      1.843849666774938                     60
     0.9000000427477062      2.509127183379302                      0                    0.5                 0.0001       1.84605467704898                     60
     0.9200000436976552      2.759106080232498                      1                    0.5                 0.0001      2.345410647768244                     60
     0.9400000446476042      3.136903954658538                      0                    0.5                 0.0001      1.689231391519859                     60
     0.9600000455975533     -3.020360301043194                      1                    0.5                 0.0001      2.312012177068357                     60
     0.9800000465475023      -2.99010526676913                      1                    0.5                 0.0001      2.280866320833273                     60
      1.000000047497451     -2.741022884548563                      1                    0.5                 0.0001      2.303466031998301                     60
        1.0200000484474     -2.575322045777718                      1                    0.5                 0.0001      2.319663218850597                     60
      1.040000049397349     -2.344764633587761                      0                    0.5                 0.0001       2.13136576682964                     60
      1.060000050347298     -2.036106010761925                      0                    0.5                 0.0001       2.29199919798104                     60
      1.080000051297247     -1.782107919192601                      0                    0.5                 0.0001      2.374217660303501                     60
      1.100000052247196     -1.503825187563221                      0                    0.5                 0.0001      2.423923965124169                     60
      1.120000053197145     -1.019373440139111                      0                    0.5                 0.0001      2.474429653979492                     60
      1.140000054147094   -0.06409028630035518                      0                    0.5                 0.0001      2.513459002630089                     60
      1.160000055097044      0.493890199796482                      0                    0.5                 0.0001      2.497637972852842                     60
      1.180000056046993    0.08379649494197317                      0                    0.5                 0.0001      2.447077046259575                     60
      1.200000056996942    -0.7021845069245551                      0                    0.5                 0.0001      2.437928460519736                     60
      1.220000057946891    -0.1958345652986524                      0                    0.5                 0.0001      2.394093089429525                     60
       1.24000005889684     0.4590215721109479                      0                    0.5                 0.0001      2.404857497726737                     60
      1.260000059846789     0.6564064010978772                      0                    0.5                 0.0001      2.398180539835496                     60
      1.280000060796738    0.08414032546934092                      0                    0.5                 0.0001      2.314771161921807                     60
      1.300000061746687    -0.5458960602115472                      0                    0.5                 0.0001      2.344725385275398                     60
      1.320000062696636    -0.4820205995142728                      0                    0.5                 0.0001      2.300564850005905                     60
      1.340000063646585     0.1425767599243404                      0                    0.5                 0.0001      2.248565126354616                     60
      1.360000064596534     0.6291756415010097                      0                    0.5                 0.0001      2.307829834811995                     60
      1.380000065546483     0.6442376322272203                      0                    0.5                 0.0001      2.276347786654595                     60
      1.400000066496432      0.140337352590465                      0                    0.5                 0.0001      2.173296900878591                     60
      1.420000067446381    -0.3841533882909349                      0                    0.5                 0.0001      2.208279459660029                     60
       1.44000006839633    -0.4767462929930573                      0                    0.5                 0.0001      2.195431557788925                     60
      1.460000069346279    -0.1879453722751325                      0                    0.5                 0.0001      2.115356769511485                     60
      1.480000070296228     0.1222425797319726                      0                    0.5                 0.0001      2.083111835007382                     60
      1.500000071246177     0.1707532350237866                      1                    0.5                 0.0001      2.520972415856761                     60
      1.520000072196126    -0.1029957672671218                      1                    0.5                 0.0001      2.484440076181286                     60
      1.540000073146075     -0.489930073856788                      0                    0.5                 0.0001      2.126496153376742                     60
      1.560000074096024    -0.5224572979735549                      0                    0.5                 0.0001      2.105610128936992                     60
      1.580000075045973    -0.2588804765556132                      0                    0.5                 0.0001      2.020879980486099                     60
      1.600000075995922     0.3397772764227547                      1                    0.5                 0.0001       2.45306329658253                     60
      1.620000076945871     0.6459471655706093                      0                    0.5                 0.0001      2.180257180350364                     60
       1.64000007789582     0.6442657290043492                      0                    0.5                 0.0001      2.147801035152205                     60
      1.660000078845769     0.3481996027097534                      0                    0.5                 0.0001      2.015476948258318                     60
      1.680000079795718    0.04815794027606746                      0                    0.5                 0.0001      1.945241175262929                     60
      1.700000080745667    -0.1032661995172464                      0                    0.5                 0.0001      1.924433082571158                     60
      1.720000081695616    -0.1438926278164128                      1                    0.5                 0.0001      2.419938281305329                     60
      1.740000082645565    -0.2046907680454915                      1                    0.5                 0.0001      2.387398931157545                     60
      1.760000083595514     -0.318549902770294                      1                    0.5                 0.0001      2.365554272608717                     60
      1.780000084545463    -0.3309674920829102                      1                    0.5                 0.0001      2.330266144587626                     60
      1.800000085495412    -0.2606131366249134                      0                    0.5                 0.0001      1.924769827214662                     60
      1.820000086445361    -0.2916835483500435                      0                    0.5                 0.0001      1.907357323633263                     60
       1.84000008739531    -0.4885454164062293                      0                    0.5                 0.0001      1.949428320541741                     60
      1.860000088345259    -0.5529030558742565                      1                    0.5                 0.0001      2.343118321290112                     60
      1.880000089295208    -0.4948639626216305                      0                    0.5                 0.0001      1.926652308853726                     60
      1.900000090245157    -0.6556254125916601                      0                    0.5                 0.0001      1.977771613055619                     60
      1.920000091195107    -0.8103207892388693                      1                    0.5                 0.0001      2.379530367999772                     60
      1.940000092145056    -0.8499183202683707                      0                    0.5                 0.0001      2.059060994130311                     60
      1.960000093095005     -1.054277583853674                      0                    0.5                 0.0001      2.142425777028235                     60
      1.980000094044954     -1.296614223142953                      0                    0.5                 0.0001      2.215734323422166                     60
      2.000000094994903     -1.435088380964145                      0                    0.5                 0.0001      2.220414316049975                     60
