#! FIELDS time theta lambda metad.bias
#! SET min_theta -pi
#! SET max_theta pi
 0.000000 3.037152 0.000000 0.000000
 0.020000 3.044917 0.000000 9.663048
 0.040000 -3.129433 0.000000 20.503169
 0.060000 3.114087 0.000000 31.173463
 0.080000 2.956039 0.000000 39.618054
 0.100000 2.753782 0.000000 42.017041
 0.120000 2.676855 1.000000 9.664595
 0.140000 2.876639 1.000000 19.723165
 0.160000 3.053587 0.000000 57.931970
 0.180000 3.115183 0.000000 65.340379
 0.200000 -2.911569 1.000000 18.478905
 0.220000 -2.603687 1.000000 19.809318
 0.240000 -2.475281 0.000000 29.725603
 0.260000 -2.449231 0.000000 37.962431
 0.280000 -2.292504 0.000000 37.787591
 0.300000 -1.971762 0.000000 29.109910
 0.320000 -1.963074 0.000000 38.620462
 0.340000 -2.063350 0.000000 52.953121
 0.360000 -2.143817 1.000000 17.680494
 0.380000 -2.323417 1.000000 31.665239
 0.400000 -2.676389 1.000000 44.016372
 0.420000 -3.028241 0.000000 86.194632
 0.440000 2.934491 2.000000 9.190581
 0.460000 2.848753 2.000000 19.903410
 0.480000 2.609353 0.000000 57.165031
 0.500000 1.918194 0.000000 14.328835
 0.520000 1.490895 0.000000 13.644640
 0.540000 0.997848 0.000000 13.388915
 0.560000 -0.455156 0.000000 3.828281
 0.580000 -1.053088 0.000000 15.634186
 0.600000 -0.469772 0.000000 19.746570
 0.620000 0.852422 0.000000 22.638064
 0.640000 0.850348 0.000000 32.694298
 0.660000 -0.128494 0.000000 27.576496
 0.680000 -0.904128 1.000000 8.754189
 0.700000 -1.027780 0.000000 36.165384
 0.720000 -0.621155 0.000000 42.756705
 0.740000 0.415830 0.000000 41.044810
 0.760000 0.761323 1.000000 9.680234
 0.780000 0.442005 1.000000 19.939913
 0.800000 -0.380160 1.000000 19.007546
 0.820000 -0.525094 0.000000 55.102014
 0.840000 0.277762 1.000000 33.015662
 0.860000 0.577102 1.000000 40.249919
 0.880000 0.060365 0.000000 51.949531
 0.900000 -0.607400 0.000000 64.995427
 0.920000 -0.382413 2.000000 8.785473
 0.940000 0.128672 1.000000 48.207345
 0.960000 0.323810 1.000000 57.363870
 0.980000 0.149424 2.000000 13.642119
 1.000000 -0.204582 0.000000 69.086208
 1.020000 -0.021526 0.000000 73.680306
 1.040000 0.714146 0.000000 60.165460
 1.060000 1.231548 2.000000 10.412021
 1.080000 1.073401 2.000000 23.037505
 1.100000 0.717693 1.000000 54.380840
 1.120000 0.523473 0.000000 74.042908
 1.140000 0.281693 0.000000 86.366713
 1.160000 -0.072047 0.000000 93.529418
 1.180000 -0.414594 2.000000 24.510279
 1.200000 -0.589400 2.000000 31.713597
 1.220000 -0.687500 1.000000 36.765859
 1.240000 -0.936834 1.000000 35.298949
 1.260000 -1.243626 1.000000 32.794782
 1.280000 -1.384356 0.000000 54.866707
 1.300000 -1.323512 0.000000 64.659143
 1.320000 -1.443375 0.000000 69.524285
 1.340000 -1.853482 2.000000 9.587083
 1.360000 -2.258036 1.000000 48.760513
 1.380000 -2.593740 1.000000 58.266686
 1.400000 -2.862652 0.000000 95.430589
 1.420000 -2.959072 2.000000 26.541210
 1.440000 -2.953434 2.000000 36.477596
 1.460000 3.014071 1.000000 49.640322
 1.480000 2.539778 1.000000 38.453270
 1.500000 2.357041 1.000000 38.167408
 1.520000 2.039543 0.000000 42.355891
 1.540000 1.960983 0.000000 49.724028
 1.560000 2.276133 0.000000 67.081979
 1.580000 2.375317 1.000000 48.487895
 1.600000 2.383211 0.000000 79.129755
 1.620000 2.284221 1.000000 52.087219
 1.640000 2.193401 2.000000 20.416120
 1.660000 2.288948 2.000000 32.796088
 1.680000 2.408296 0.000000 87.334239
 1.700000 2.364809 0.000000 92.133013
 1.720000 2.210638 0.000000 91.497364
 1.740000 1.853534 1.000000 34.420885
 1.760000 1.345145 1.000000 34.419677
 1.780000 0.902009 1.000000 58.535150
 1.800000 0.680238 0.000000 86.189856
 1.820000 0.866775 0.000000 83.940247
 1.840000 1.135691 2.000000 34.881999
 1.860000 1.213163 0.000000 74.842255
 1.880000 1.261032 0.000000 80.482210
 1.900000 1.665516 0.000000 82.266697
 1.920000 2.097876 1.000000 64.169517
 1.940000 2.128549 1.000000 73.158419
 1.960000 1.967462 0.000000 94.644784
 1.980000 1.655070 0.000000 93.574644
 2.000000 1.204610 1.000000 57.898338
