#! FIELDS time theta lambda sigma_theta sigma_lambda height biasf
#! SET multivariate false
#! SET kerneltype gaussian
#! SET min_theta -pi
#! SET max_theta pi
   0.004000000189989805      3.027257761709403                      0                    0.5                 0.0001      2.520972415856761                     60
    0.00800000037997961      3.021695483944189                      0                    0.5                 0.0001      2.478585612374358                     60
    0.01200000056996942      3.021249421858556                      0                    0.5                 0.0001      2.437604282631485                     60
    0.01600000075995922      3.028396473599538                      0                    0.5                 0.0001      2.397965889706558                     60
    0.02000000094994903      3.044916788861801                      0                    0.5                 0.0001      2.359720428561964                     60
    0.02400000113993883       3.06834425839521                      0                    0.5                 0.0001       2.32306008716665                     60
    0.02800000132992864      3.095349813418993                      0                    0.5                 0.0001      2.288166508672096                     60
    0.03200000151991844      3.120326065987218                      0                    0.5                 0.0001      2.254844310074408                     60
    0.03600000170990825      3.140616548324305                      0                    0.5                 0.0001      2.222675698478102                     60
    0.04000000189989805     -3.129433322185548                      0                    0.5                 0.0001      2.191069197238827                     60
    0.04400000208988786     -3.123219623820249                      0                    0.5                 0.0001      2.159727991919532                     60
    0.04800000227987766     -3.124756992334514                      0                    0.5                 0.0001      2.128400118234341                     60
    0.05200000246986747       -3.1336992371216                      0                    0.5                 0.0001      2.097189009358595                     60
    0.05600000265985727      3.133902709346141                      0                    0.5                 0.0001      2.066467385492738                     60
    0.06000000284984708      3.114086901137566                      0                    0.5                 0.0001      2.036836476961563                     60
    0.06400000303983688      3.091760317106617                      0                    0.5                 0.0001      2.008713323128914                     60
    0.06800000322982669      3.063249922826579                      0                    0.5                 0.0001      1.982575460335865                     60
    0.07200000341981649      3.028311587032154                      0                    0.5                 0.0001      1.959420596806556                     60
     0.0760000036098063      2.991800534068371                      0                    0.5                 0.0001      1.939523012094275                     60
     0.0800000037997961      2.956038984876661                      0                    0.5                 0.0001      1.922509465242236                     60
    0.08400000398978591      2.919019794478343                      0                    0.5                 0.0001      1.908787030236072                     60
    0.08800000417977571       2.87909884000535                      0                    0.5                 0.0001      1.899139704788313                     60
    0.09200000436976552        2.8361587566737                      0                    0.5                 0.0001      1.894053025597896                     60
    0.09600000455975533      2.794654183484578                      0                    0.5                 0.0001       1.89143893801989                     60
     0.1000000047497451      2.753782107418731                      0                    0.5                 0.0001      1.891217313176652                     60
     0.1040000049397349      2.710110638587476                      1                    0.5                 0.0001      2.520972415856761                     60
     0.1080000051297247      2.678665568697044                      1                    0.5                 0.0001      2.478666111459059                     60
     0.1120000053197145      2.663662082549302                      1                    0.5                 0.0001      2.437796370415723                     60
     0.1160000055097044      2.664608879837745                      1                    0.5                 0.0001      2.398137810413322                     60
     0.1200000056996942      2.676854842519905                      1                    0.5                 0.0001      2.359695455912091                     60
      0.124000005889684      2.694125430019197                      1                    0.5                 0.0001      2.322620604917288                     60
     0.1280000060796738      2.726345094657735                      1                    0.5                 0.0001      2.287440770323205                     60
     0.1320000062696636      2.774225749787424                      1                    0.5                 0.0001       2.25553849707057                     60
     0.1360000064596534      2.825456313129504                      1                    0.5                 0.0001       2.22737065979589                     60
     0.1400000066496432      2.876639176426471                      1                    0.5                 0.0001      2.202791411635183                     60
      0.144000006839633      2.924387872190148                      0                    0.5                 0.0001      1.791648483567271                     60
     0.1480000070296228       2.96691734468169                      0                    0.5                 0.0001      1.761186730802939                     60
     0.1520000072196126      3.005033389985917                      0                    0.5                 0.0001      1.736146141644501                     60
     0.1560000074096024      3.034325340202237                      0                    0.5                 0.0001      1.715163678287097                     60
     0.1600000075995922      3.053586673024508                      0                    0.5                 0.0001       1.69613510649536                     60
      0.164000007789582      3.066694210990542                      0                    0.5                 0.0001      1.677873446146635                     60
     0.1680000079795718      3.075289746225335                      0                    0.5                 0.0001      1.659922062701047                     60
     0.1720000081695616      3.084082177221093                      0                    0.5                 0.0001      1.642584431155036                     60
     0.1760000083595514      3.096331231623643                      0                    0.5                 0.0001      1.626390723676131                     60
     0.1800000085495412      3.115182767819455                      0                    0.5                 0.0001      1.612319521189258                     60
      0.184000008739531     -3.134738697544031                      1                    0.5                 0.0001      2.257659498337226                     60
     0.1880000089295208      -3.08989431419707                      1                    0.5                 0.0001      2.242305418092168                     60
     0.1920000091195107     -3.037351541630316                      1                    0.5                 0.0001      2.231317006182803                     60
     0.1960000093095005     -2.978523906281925                      1                    0.5                 0.0001      2.224149857524615                     60
     0.2000000094994903     -2.911568669398361                      1                    0.5                 0.0001      2.221620603045531                     60
     0.2040000096894801     -2.832000079277737                      1                    0.5                 0.0001      2.225719152530855                     60
     0.2080000098794699     -2.763070187388919                      1                    0.5                 0.0001      2.225071398783887                     60
     0.2120000100694597     -2.705021563261615                      1                    0.5                 0.0001       2.21935595030487                     60
     0.2160000102594495     -2.651439958101975                      1                    0.5                 0.0001      2.211684238849881                     60
     0.2200000104494393     -2.603686821827976                      1                    0.5                 0.0001      2.201493590929134                     60
     0.2240000106394291     -2.558441081762004                      0                    0.5                 0.0001      2.092222249419645                     60
     0.2280000108294189     -2.525406313120309                      0                    0.5                 0.0001      2.096363890994736                     60
     0.2320000110194087     -2.504932983760928                      0                    0.5                 0.0001      2.087020249051017                     60
     0.2360000112093985     -2.489105720312858                      0                    0.5                 0.0001      2.072979914329598                     60
     0.2400000113993883     -2.475281245121726                      0                    0.5                 0.0001       2.05711016537906                     60
     0.2440000115893781     -2.456670079603765                      0                    0.5                 0.0001       2.04571084597252                     60
     0.2480000117793679     -2.449085675723257                      0                    0.5                 0.0001      2.024480519784906                     60
     0.2520000119693577     -2.449616939249569                      0                    0.5                 0.0001      1.996634164684564                     60
     0.2560000121593475     -2.450896953518373                      0                    0.5                 0.0001      1.968894118857244                     60
     0.2600000123493373     -2.449231311404211                      0                    0.5                 0.0001      1.944406690871432                     60
     0.2640000125393271     -2.433064859463561                      0                    0.5                 0.0001      1.932701260948673                     60
     0.2680000127293169     -2.409176785784229                      0                    0.5                 0.0001      1.927495306645642                     60
     0.2720000129193068     -2.374196937289919                      0                    0.5                 0.0001      1.931224671146362                     60
     0.2760000131092966     -2.331802622353321                      0                    0.5                 0.0001      1.940511696759246                     60
     0.2800000132992864     -2.292504416783534                      0                    0.5                 0.0001      1.946733629416552                     60
     0.2840000134892762     -2.246895814779514                      0                    0.5                 0.0001      1.957531727194271                     60
      0.288000013679266     -2.191149492434999                      0                    0.5                 0.0001      1.975825384428073                     60
     0.2920000138692558     -2.114420752820191                      0                    0.5                 0.0001      2.009971036115124                     60
     0.2960000140592456     -2.032134109654516                      0                    0.5                 0.0001          2.04722612942                     60
     0.3000000142492354     -1.971761652800965                      0                    0.5                 0.0001       2.06579245488395                     60
     0.3040000144392252     -1.934197377205697                      0                    0.5                 0.0001      2.065820545775333                     60
      0.308000014629215     -1.922895481875945                      0                    0.5                 0.0001      2.045775006354439                     60
     0.3120000148192048     -1.926457258703336                      0                    0.5                 0.0001      2.015185275756397                     60
     0.3160000150091946     -1.941086627122662                      0                    0.5                 0.0001       1.97742586938605                     60
     0.3200000151991844     -1.963073554635375                      0                    0.5                 0.0001      1.935673873280429                     60
     0.3240000153891742     -1.977115963826118                      0                    0.5                 0.0001      1.900897312001518                     60
      0.328000015579164     -1.994669066612056                      0                    0.5                 0.0001      1.864890851668896                     60
     0.3320000157691538     -2.018405437133413                      0                    0.5                 0.0001      1.826150151216792                     60
     0.3360000159591436     -2.043889483465162                      0                    0.5                 0.0001      1.787918195051375                     60
     0.3400000161491334     -2.063350150705781                      0                    0.5                 0.0001      1.754898075837311                     60
     0.3440000163391232     -2.065184112588815                      1                    0.5                 0.0001      2.406019387198737                     60
     0.3480000165291131     -2.065792929398479                      1                    0.5                 0.0001      2.367191997441628                     60
     0.3520000167191029     -2.075984021538105                      1                    0.5                 0.0001      2.326474189150439                     60
     0.3560000169090927      -2.10419586632593                      1                    0.5                 0.0001      2.281208822429127                     60
     0.3600000170990825     -2.143817004648591                      1                    0.5                 0.0001       2.23378751840704                     60
     0.3640000172890723     -2.171450870195546                      1                    0.5                 0.0001      2.191838401288937                     60
     0.3680000174790621     -2.192191353394476                      1                    0.5                 0.0001      2.153481528862477                     60
     0.3720000176690519     -2.217289667346154                      1                    0.5                 0.0001      2.115225037353551                     60
     0.3760000178590417     -2.260457872885367                      1                    0.5                 0.0001      2.073672830157281                     60
     0.3800000180490315     -2.323416674389839                      1                    0.5                 0.0001       2.02999593213758                     60
     0.3840000182390213     -2.391281645520076                      1                    0.5                 0.0001      1.989216490485518                     60
     0.3880000184290111     -2.459333951637853                      1                    0.5                 0.0001      1.952544332651852                     60
     0.3920000186190009     -2.528861662092856                      1                    0.5                 0.0001      1.919737907376083                     60
     0.3960000188089907     -2.601942845731246                      1                    0.5                 0.0001      1.890679809181996                     60
     0.4000000189989805     -2.676389091294051                      1                    0.5                 0.0001       1.86552772344758                     60
     0.4040000191889703     -2.750947952949643                      0                    0.5                 0.0001      1.491031623000735                     60
     0.4080000193789601     -2.825454744489967                      0                    0.5                 0.0001      1.460093931162592                     60
     0.4120000195689499      -2.89744207937588                      0                    0.5                 0.0001       1.43372266796906                     60
     0.4160000197589397     -2.964353096131338                      0                    0.5                 0.0001      1.412993881288045                     60
     0.4200000199489295     -3.028240946307363                      0                    0.5                 0.0001       1.39796433448777                     60
     0.4240000201389194     -3.099209055100828                      2                    0.5                 0.0001      2.520972415856761                     60
     0.4280000203289092      3.107235998631853                      2                    0.5                 0.0001      2.479075270380067                     60
      0.432000020518899      3.034743189224915                      2                    0.5                 0.0001       2.43982009694776                     60
     0.4360000207088888      2.977921450592138                      2                    0.5                 0.0001      2.402798576827978                     60
     0.4400000208988786      2.934491363389146                      2                    0.5                 0.0001      2.367359339262185                     60
     0.4440000210888684      2.893601549650794                      2                    0.5                 0.0001      2.333853865141187                     60
     0.4480000212788582      2.865565227274986                      2                    0.5                 0.0001      2.300796572753896                     60
      0.452000021468848      2.851597114861858                      2                    0.5                 0.0001      2.267307289668305                     60
     0.4560000216588378      2.847708526440828                      2                    0.5                 0.0001      2.233526197038687                     60
     0.4600000218488276      2.848753395407743                      2                    0.5                 0.0001      2.200077054698824                     60
     0.4640000220388174      2.838169235020247                      0                    0.5                 0.0001      1.549045205675399                     60
     0.4680000222288072      2.809427654697435                      0                    0.5                 0.0001      1.556595857415019                     60
      0.472000022418797      2.762459890630377                      0                    0.5                 0.0001      1.581847833058813                     60
     0.4760000226087868      2.695291382331505                      0                    0.5                 0.0001      1.630405625061496                     60
     0.4800000227987766      2.609353064108282                      0                    0.5                 0.0001      1.705057028483634                     60
     0.4840000229887664      2.490279867668219                      0                    0.5                 0.0001      1.824843601585836                     60
     0.4880000231787562      2.362737290477578                      0                    0.5                 0.0001      1.955121622564815                     60
      0.492000023368746       2.22527401613383                      0                    0.5                 0.0001      2.084321897883579                     60
     0.4960000235587358      2.072475492459232                      0                    0.5                 0.0001      2.202272779507958                     60
     0.5000000237487257      1.918194338352304                      0                    0.5                 0.0001      2.285594389500229                     60
     0.5040000239387155      1.781226813812186                      0                    0.5                 0.0001      2.327735391970059                     60
     0.5080000241287053      1.683653526929388                      0                    0.5                 0.0001      2.335072791138979                     60
     0.5120000243186951      1.612669663017605                      0                    0.5                 0.0001      2.326069311831402                     60
     0.5160000245086849       1.55028364214612                      0                    0.5                 0.0001      2.312018969363226                     60
     0.5200000246986747      1.490895265715969                      0                    0.5                 0.0001      2.296316823568533                     60
     0.5240000248886645      1.428450417051482                      0                    0.5                 0.0001      2.281739749769571                     60
     0.5280000250786543      1.361367666174216                      0                    0.5                 0.0001      2.269474452118287                     60
     0.5320000252686441      1.272782071893015                      0                    0.5                 0.0001      2.266115817124764                     60
     0.5360000254586339      1.154488458032749                      0                    0.5                 0.0001      2.274764802560223                     60
     0.5400000256486237     0.9978475241230385                      0                    0.5                 0.0001      2.300337340729254                     60
     0.5440000258386135     0.7859467570334857                      0                    0.5                 0.0001      2.346315981125498                     60
     0.5480000260286033     0.5135607047690236                      0                    0.5                 0.0001      2.400603936571086                     60
     0.5520000262185931      0.185668651899876                      0                    0.5                 0.0001      2.442218162389601                     60
     0.5560000264085829    -0.1531016167281223                      0                    0.5                 0.0001      2.459470366827512                     60
     0.5600000265985727     -0.455156421163593                      0                    0.5                 0.0001      2.455810298002687                     60
     0.5640000267885625    -0.6932838941880406                      0                    0.5                 0.0001       2.43348570239997                     60
     0.5680000269785523    -0.8628669237009281                      0                    0.5                 0.0001      2.394600758537715                     60
     0.5720000271685421    -0.9710457687654732                      0                    0.5                 0.0001      2.348611601284813                     60
      0.576000027358532     -1.030699008253948                      0                    0.5                 0.0001      2.304188829488261                     60
     0.5800000275485218     -1.053088187677424                      0                    0.5                 0.0001      2.265276135273709                     60
     0.5840000277385116     -1.036454782786667                      0                    0.5                 0.0001      2.233611643208352                     60
     0.5880000279285014    -0.9763197125082743                      0                    0.5                 0.0001      2.208681448664088                     60
     0.5920000281184912    -0.8655547072139713                      0                    0.5                 0.0001      2.190356101394856                     60
      0.596000028308481    -0.6992994813908577                      0                    0.5                 0.0001      2.184076433447576                     60
     0.6000000284984708    -0.4697721959610655                      0                    0.5                 0.0001      2.202438751039298                     60
     0.6040000286884606    -0.1629734160517597                      0                    0.5                 0.0001      2.249149495345946                     60
     0.6080000288784504     0.1754647339438602                      0                    0.5                 0.0001      2.277584333197765                     60
     0.6120000290684402     0.4725895246300951                      0                    0.5                 0.0001      2.257141399719597                     60
       0.61600002925843     0.6963004462413274                      0                    0.5                 0.0001      2.209421509476817                     60
     0.6200000294484198     0.8524222467898177                      0                    0.5                 0.0001      2.159303167365261                     60
     0.6240000296384096     0.9461760963011123                      0                    0.5                 0.0001      2.116693885921994                     60
     0.6280000298283994     0.9831912111542209                      0                    0.5                 0.0001      2.082426341844831                     60
     0.6320000300183892     0.9749731205835648                      0                    0.5                 0.0001      2.054393585628707                     60
      0.636000030208379     0.9305953594239167                      0                    0.5                 0.0001      2.031592754688047                     60
     0.6400000303983688     0.8503482145882302                      0                    0.5                 0.0001      2.015756087037564                     60
     0.6440000305883586     0.7237854370629453                      0                    0.5                 0.0001      2.012878167436922                     60
     0.6480000307783484     0.5562244631850959                      0                    0.5                 0.0001      2.027042995889473                     60
     0.6520000309683383     0.3488329552700016                      0                    0.5                 0.0001      2.056608817640615                     60
     0.6560000311583281      0.112166819533261                      0                    0.5                 0.0001      2.084307276171955                     60
     0.6600000313483179    -0.1284936090922586                      0                    0.5                 0.0001      2.087575747071035                     60
     0.6640000315383077    -0.3488555127095205                      1                    0.5                 0.0001      2.520558608127299                     60
     0.6680000317282975    -0.5323617148870068                      1                    0.5                 0.0001      2.479243095078109                     60
     0.6720000319182873    -0.6804720965066702                      1                    0.5                 0.0001       2.44231778004001                     60
     0.6760000321082771    -0.8050339706772807                      1                    0.5                 0.0001      2.408076265082257                     60
     0.6800000322982669    -0.9041283786630219                      1                    0.5                 0.0001      2.374436945092213                     60
     0.6840000324882567    -0.9721230324269357                      0                    0.5                 0.0001      2.077146969987833                     60
     0.6880000326782465     -1.014589776425674                      0                    0.5                 0.0001      2.049961203778593                     60
     0.6920000328682363     -1.040713017603793                      0                    0.5                 0.0001      2.022817703047631                     60
     0.6960000330582261     -1.047997795013834                      0                    0.5                 0.0001       1.99573034480824                     60
     0.7000000332482159     -1.027780024935326                      0                    0.5                 0.0001      1.968456749195897                     60
     0.7040000334382057     -0.982916047122802                      0                    0.5                 0.0001        1.9414898790027                     60
     0.7080000336281955    -0.9271462364602621                      0                    0.5                 0.0001      1.916155865268172                     60
     0.7120000338181853    -0.8610452086110572                      0                    0.5                 0.0001      1.893814717842653                     60
     0.7160000340081751    -0.7633256417279668                      0                    0.5                 0.0001       1.87899367451779                     60
     0.7200000341981649    -0.6211553701299608                      0                    0.5                 0.0001      1.881672333640634                     60
     0.7240000343881547    -0.4369729846366357                      0                    0.5                 0.0001      1.906683814052647                     60
     0.7280000345781446     -0.220630899864446                      0                    0.5                 0.0001      1.940892458611533                     60
     0.7320000347681344    0.01646911606425405                      0                    0.5                 0.0001      1.955361124071362                     60
     0.7360000349581242     0.2395648222045601                      0                    0.5                 0.0001      1.936759347815658                     60
      0.740000035148114     0.4158301821727974                      0                    0.5                 0.0001      1.903837139791458                     60
     0.7440000353381038     0.5430457478886161                      1                    0.5                 0.0001      2.504395727863666                     60
     0.7480000355280936     0.6352936325533758                      1                    0.5                 0.0001      2.468567125611598                     60
     0.7520000357180834     0.7010850356625209                      1                    0.5                 0.0001      2.432367679757046                     60
     0.7560000359080732     0.7432220104932643                      1                    0.5                 0.0001      2.396178657081792                     60
      0.760000036098063     0.7613228320634402                      1                    0.5                 0.0001       2.35944302746398                     60
     0.7640000362880528     0.7568053096763929                      1                    0.5                 0.0001      2.321892135134263                     60
     0.7680000364780426     0.7268737834527368                      1                    0.5                 0.0001      2.283667523885226                     60
     0.7720000366680324     0.6654738111598482                      1                    0.5                 0.0001      2.246576745851299                     60
     0.7760000368580222     0.5698245858433655                      1                    0.5                 0.0001      2.215993136042586                     60
      0.780000037048012     0.4420046693332855                      1                    0.5                 0.0001      2.199527746916651                     60
     0.7840000372380018     0.2774276136960001                      1                    0.5                 0.0001      2.203591790195474                     60
     0.7880000374279916    0.09190280524295957                      1                    0.5                 0.0001      2.220004045443416                     60
     0.7920000376179814   -0.09299283722895302                      1                    0.5                 0.0001      2.230581420173345                     60
     0.7960000378079712    -0.2523101060230397                      1                    0.5                 0.0001      2.226749352704427                     60
      0.800000037997961    -0.3801595294782736                      1                    0.5                 0.0001      2.213601177270993                     60
     0.8040000381879508    -0.4836269844517429                      0                    0.5                 0.0001      1.820616551173025                     60
     0.8080000383779407    -0.5555877195193983                      0                    0.5                 0.0001      1.786994025895134                     60
     0.8120000385679305     -0.588103909462887                      0                    0.5                 0.0001      1.761386993083138                     60
     0.8160000387579203    -0.5779361496118409                      0                    0.5                 0.0001      1.741886758371564                     60
     0.8200000389479101    -0.5250940245030842                      0                    0.5                 0.0001      1.729290038661131                     60
     0.8240000391378999    -0.4266373026058674                      1                    0.5                 0.0001      2.188068917498392                     60
     0.8280000393278897    -0.2872512896908224                      1                    0.5                 0.0001      2.136759792699611                     60
     0.8320000395178795    -0.1080829053205017                      1                    0.5                 0.0001      2.087446327325365                     60
     0.8360000397078693    0.09081500302270218                      1                    0.5                 0.0001      2.043980346621787                     60
     0.8400000398978591      0.277761602919421                      1                    0.5                 0.0001      2.011329639182668                     60
     0.8440000400878489      0.431229163418962                      1                    0.5                 0.0001      1.992990588885187                     60
     0.8480000402778387     0.5357424633815198                      1                    0.5                 0.0001      1.982442943405469                     60
     0.8520000404678285     0.5887948232861495                      1                    0.5                 0.0001       1.96812062132776                     60
     0.8560000406578183     0.5987453645344374                      1                    0.5                 0.0001       1.94477264992875                     60
     0.8600000408478081     0.5771023915345239                      1                    0.5                 0.0001      1.914217598109301                     60
     0.8640000410377979     0.5304833195466223                      0                    0.5                 0.0001      1.862313379127386                     60
     0.8680000412277877      0.448998569883388                      0                    0.5                 0.0001      1.839327960166824                     60
     0.8720000414177775     0.3394444830126258                      0                    0.5                 0.0001      1.816975049847421                     60
     0.8760000416077673     0.2098429922443454                      0                    0.5                 0.0001      1.793905617109595                     60
     0.8800000417977571    0.06036547763096234                      0                    0.5                 0.0001      1.766987270670326                     60
      0.884000041987747    -0.1081936939164523                      0                    0.5                 0.0001      1.732722298066815                     60
     0.8880000421777368    -0.2755713557645136                      0                    0.5                 0.0001      1.693191865143189                     60
     0.8920000423677266    -0.4177508528182252                      0                    0.5                 0.0001      1.658584807907394                     60
     0.8960000425577164    -0.5308103915775391                      0                    0.5                 0.0001      1.633554478167222                     60
     0.9000000427477062    -0.6074003814754541                      0                    0.5                 0.0001      1.616128606562527                     60
      0.904000042937696    -0.6476238182541207                      2                    0.5                 0.0001      2.520972415856761                     60
     0.9080000431276858    -0.6395538176105764                      2                    0.5                 0.0001      2.478588504967629                     60
     0.9120000433176756    -0.5891949948762418                      2                    0.5                 0.0001      2.438088291559846                     60
     0.9160000435076654     -0.501646189859243                      2                    0.5                 0.0001      2.401740280969508                     60
     0.9200000436976552    -0.3824128008141945                      2                    0.5                 0.0001      2.373928867955417                     60
      0.924000043887645    -0.2452728073551427                      1                    0.5                 0.0001      1.996077306414017                     60
     0.9280000440776348     -0.125600486442623                      1                    0.5                 0.0001      1.935616330003016                     60
     0.9320000442676246   -0.02720896485010016                      1                    0.5                 0.0001      1.886694880971387                     60
     0.9360000444576144    0.05641384786748915                      1                    0.5                 0.0001      1.846339436898345                     60
     0.9400000446476042     0.1286718285736725                      1                    0.5                 0.0001      1.812804300385453                     60
      0.944000044837594     0.1908394186844955                      1                    0.5                 0.0001      1.784845234568427                     60
     0.9480000450275838     0.2379346816308772                      1                    0.5                 0.0001      1.761363587774812                     60
     0.9520000452175736     0.2744504690851741                      1                    0.5                 0.0001      1.740510280852183                     60
     0.9560000454075634     0.3042744318041812                      1                    0.5                 0.0001      1.721289434206954                     60
     0.9600000455975533     0.3238104808131457                      1                    0.5                 0.0001      1.702739409831674                     60
     0.9640000457875431     0.3295407933402705                      2                    0.5                 0.0001      2.476140406646195                     60
     0.9680000459775329     0.3131657672098829                      2                    0.5                 0.0001      2.432791554438596                     60
     0.9720000461675227     0.2767298758967947                      2                    0.5                 0.0001      2.387895811655482                     60
     0.9760000463575125     0.2210209902338107                      2                    0.5                 0.0001      2.341936435816131                     60
     0.9800000465475023     0.1494235949809859                      2                    0.5                 0.0001      2.296356423037414                     60
     0.9840000467374921     0.0673048464695114                      0                    0.5                 0.0001      1.683601994566322                     60
     0.9880000469274819   -0.01851125679296928                      0                    0.5                 0.0001      1.651547630322556                     60
     0.9920000471174717   -0.09913053407446615                      0                    0.5                 0.0001      1.620970608558879                     60
     0.9960000473074615    -0.1637921168171474                      0                    0.5                 0.0001      1.593984062365178                     60
      1.000000047497451    -0.2045817303919391                      0                    0.5                 0.0001      1.571530403841654                     60
      1.004000047687441    -0.2257917768205973                      0                    0.5                 0.0001      1.552362539023773                     60
      1.008000047877431     -0.224193998478234                      0                    0.5                 0.0001      1.536428291069353                     60
      1.012000048067421    -0.1964561229622386                      0                    0.5                 0.0001      1.524106090796445                     60
      1.016000048257411    -0.1310884118802278                      0                    0.5                 0.0001      1.518094587365866                     60
        1.0200000484474   -0.02152614823226351                      0                    0.5                 0.0001      1.522910477652791                     60
       1.02400004863739     0.1181356260439923                      0                    0.5                 0.0001      1.540422474212017                     60
       1.02800004882738     0.2741078463290965                      0                    0.5                 0.0001      1.569071537529845                     60
       1.03200004901737     0.4324680135697223                      0                    0.5                 0.0001      1.603947765208028                     60
       1.03600004920736     0.5818161915874134                      0                    0.5                 0.0001      1.639217641742787                     60
      1.040000049397349     0.7141464242147277                      0                    0.5                 0.0001      1.670417618413345                     60
      1.044000049587339     0.8583491098245961                      2                    0.5                 0.0001      2.419426154207742                     60
      1.048000049777329     0.9887320243901714                      2                    0.5                 0.0001       2.41107621746433                     60
      1.052000049967319      1.101433359721911                      2                    0.5                 0.0001      2.396786839503017                     60
      1.056000050157309       1.18362357353547                      2                    0.5                 0.0001      2.375471308856564                     60
      1.060000050347298      1.231548309578627                      2                    0.5                 0.0001       2.34766139523963                     60
      1.064000050537288      1.260444380280422                      2                    0.5                 0.0001      2.316882634149716                     60
      1.068000050727278      1.255220341601457                      2                    0.5                 0.0001      2.279970069403783                     60
      1.072000050917268       1.21803811408556                      2                    0.5                 0.0001      2.238088631992502                     60
      1.076000051107258      1.154275323015713                      2                    0.5                 0.0001      2.194319118764497                     60
      1.080000051297247      1.073401451987401                      2                    0.5                 0.0001      2.153411065083873                     60
      1.084000051487237      1.002602580876221                      1                    0.5                 0.0001       2.03406928433896                     60
      1.088000051677227     0.9384723253316114                      1                    0.5                 0.0001      1.955508233739942                     60
      1.092000051867217     0.8693721321163803                      1                    0.5                 0.0001      1.878519445578882                     60
      1.096000052057207     0.7909213262830121                      1                    0.5                 0.0001      1.801910725254374                     60
      1.100000052247196     0.7176931118241274                      1                    0.5                 0.0001      1.737842229972787                     60
      1.104000052437186     0.6805876742634478                      0                    0.5                 0.0001      1.639139500433153                     60
      1.108000052627176     0.6532492241716428                      0                    0.5                 0.0001      1.611269839859202                     60
      1.112000052817166     0.6214623531535537                      0                    0.5                 0.0001      1.582828623786549                     60
      1.116000053007156     0.5769783490157803                      0                    0.5                 0.0001      1.551450990066029                     60
      1.120000053197145     0.5234734442364646                      0                    0.5                 0.0001      1.519137677575181                     60
      1.124000053387135     0.4734554316514554                      0                    0.5                 0.0001      1.490068666652946                     60
      1.128000053577125     0.4215701105917127                      0                    0.5                 0.0001      1.462720420048719                     60
      1.132000053767115     0.3730273531818247                      0                    0.5                 0.0001      1.438281900206721                     60
      1.136000053957105     0.3280002092393843                      0                    0.5                 0.0001      1.416470195463189                     60
      1.140000054147094     0.2816925390644931                      0                    0.5                 0.0001      1.396319691149658                     60
      1.144000054337084     0.2285787862284936                      0                    0.5                 0.0001      1.377374913573666                     60
      1.148000054527074     0.1649055691755681                      0                    0.5                 0.0001      1.360142079909854                     60
      1.152000054717064    0.09195010659325042                      0                    0.5                 0.0001      1.345862874172043                     60
      1.156000054907054    0.01186252374056807                      0                    0.5                 0.0001       1.33553404114298                     60
      1.160000055097044     -0.072046742737363                      0                    0.5                 0.0001      1.329552478308113                     60
      1.164000055287033    -0.1629650300259304                      2                    0.5                 0.0001        2.2302585718919                     60
      1.168000055477023    -0.2381006710025897                      2                    0.5                 0.0001      2.203366824938356                     60
      1.172000055667013    -0.3005662373013887                      2                    0.5                 0.0001      2.177477171663682                     60
      1.176000055857003    -0.3580502287597436                      2                    0.5                 0.0001      2.153403845851484                     60
      1.180000056046993    -0.4145941631079997                      2                    0.5                 0.0001      2.131824938038333                     60
      1.184000056236982    -0.4843392511985476                      2                    0.5                 0.0001      2.116225860631852                     60
      1.188000056426972    -0.5396322008678238                      2                    0.5                 0.0001      2.100873194391119                     60
      1.192000056616962    -0.5752473332253283                      2                    0.5                 0.0001      2.082066280403995                     60
      1.196000056806952     -0.592468781879754                      2                    0.5                 0.0001      2.058627635996905                     60
      1.200000056996942    -0.5893996936864299                      2                    0.5                 0.0001       2.02932452448974                     60
      1.204000057186931    -0.5919211077887159                      1                    0.5                 0.0001      2.009613598837613                     60
      1.208000057376921    -0.6000113655031014                      1                    0.5                 0.0001      1.987427051370252                     60
      1.212000057566911    -0.6225588675449223                      1                    0.5                 0.0001      1.974276696922983                     60
      1.216000057756901    -0.6553008358974521                      1                    0.5                 0.0001      1.967401944289346                     60
      1.220000057946891    -0.6874997284036937                      1                    0.5                 0.0001      1.960387622348743                     60
       1.22400005813688    -0.7353729093822325                      1                    0.5                 0.0001      1.962840992238541                     60
       1.22800005832687    -0.7758928891741772                      1                    0.5                 0.0001      1.961103903587502                     60
       1.23200005851686    -0.8196323763817963                      1                    0.5                 0.0001      1.961482451561716                     60
       1.23600005870685    -0.8758119632828048                      1                    0.5                 0.0001       1.96944846159964                     60
       1.24000005889684     -0.936833682836288                      1                    0.5                 0.0001      1.980158407329885                     60
      1.244000059086829     -1.013384536172044                      1                    0.5                 0.0001      1.999608506958795                     60
      1.248000059276819     -1.076739325115446                      1                    0.5                 0.0001      2.009722885601138                     60
      1.252000059466809      -1.13262111637716                      1                    0.5                 0.0001      2.013493456121175                     60
      1.256000059656799      -1.18699845592135                      1                    0.5                 0.0001      2.014581725472514                     60
      1.260000059846789     -1.243626489963231                      1                    0.5                 0.0001      2.014370983004128                     60
      1.264000060036778     -1.312230870587752                      0                    0.5                 0.0001      1.793381546821609                     60
      1.268000060226768     -1.368091441369477                      0                    0.5                 0.0001      1.790562925626282                     60
      1.272000060416758     -1.401033262857049                      0                    0.5                 0.0001      1.778076053946729                     60
      1.276000060606748     -1.406100871795892                      0                    0.5                 0.0001      1.758154885684382                     60
      1.280000060796738     -1.384356270441679                      0                    0.5                 0.0001      1.732075839546721                     60
      1.284000060986727     -1.364742113766627                      0                    0.5                 0.0001      1.706713558743194                     60
      1.288000061176717     -1.357118659826939                      0                    0.5                 0.0001      1.685105480408261                     60
      1.292000061366707     -1.357694992871024                      0                    0.5                 0.0001      1.666273171981816                     60
      1.296000061556697     -1.349789094250666                      0                    0.5                 0.0001      1.645501806759568                     60
      1.300000061746687     -1.323512269656788                      0                    0.5                 0.0001      1.619850623491141                     60
      1.304000061936677     -1.302437227914117                      0                    0.5                 0.0001      1.595985311927987                     60
      1.308000062126666      -1.30073932958689                      0                    0.5                 0.0001      1.578430081614305                     60
      1.312000062316656     -1.333586058181051                      0                    0.5                 0.0001      1.571370913287582                     60
      1.316000062506646     -1.388249658684516                      0                    0.5                 0.0001      1.569732108897618                     60
      1.320000062696636     -1.443374696547003                      0                    0.5                 0.0001      1.566828000435644                     60
      1.324000062886626     -1.502257658627028                      2                    0.5                 0.0001      2.445083231968956                     60
      1.328000063076615      -1.56223849262336                      2                    0.5                 0.0001      2.420752923191694                     60
      1.332000063266605     -1.635805953225619                      2                    0.5                 0.0001      2.397817968980196                     60
      1.336000063456595     -1.733798453531411                      2                    0.5                 0.0001      2.377834157532202                     60
      1.340000063646585     -1.853481507896111                      2                    0.5                 0.0001      2.360946966826297                     60
      1.344000063836575     -1.970050928171971                      1                    0.5                 0.0001      1.993349561226246                     60
      1.348000064026564     -2.063962464457535                      1                    0.5                 0.0001      1.933441270375284                     60
      1.352000064216554     -2.137103084398113                      1                    0.5                 0.0001      1.884254293222437                     60
      1.356000064406544     -2.196331840485507                      1                    0.5                 0.0001      1.843426018714007                     60
      1.360000064596534     -2.258035966667538                      1                    0.5                 0.0001      1.805957558730602                     60
      1.364000064786524     -2.332435187990433                      1                    0.5                 0.0001      1.771440475957266                     60
      1.368000064976513     -2.413662710492607                      1                    0.5                 0.0001      1.743323311414989                     60
      1.372000065166503     -2.483443690995093                      1                    0.5                 0.0001      1.722454296902144                     60
      1.376000065356493     -2.538824972448206                      1                    0.5                 0.0001      1.705703466685819                     60
      1.380000065546483      -2.59373998901657                      1                    0.5                 0.0001      1.692255949056243                     60
      1.384000065736473     -2.660585365961081                      0                    0.5                 0.0001      1.420920553107325                     60
      1.388000065926462     -2.731027870094753                      0                    0.5                 0.0001      1.385523936245481                     60
      1.392000066116452     -2.791136310066119                      0                    0.5                 0.0001      1.355089680162421                     60
      1.396000066306442     -2.833246088647332                      0                    0.5                 0.0001      1.331532635467232                     60
      1.400000066496432     -2.862652303629488                      0                    0.5                 0.0001      1.312373269158899                     60
      1.404000066686422     -2.885301229400121                      2                    0.5                 0.0001      2.255255995496558                     60
      1.408000066876411      -2.90714509213504                      2                    0.5                 0.0001      2.213747772308029                     60
      1.412000067066401     -2.928672249461122                      2                    0.5                 0.0001       2.17387327191063                     60
      1.416000067256391     -2.946639967170114                      2                    0.5                 0.0001      2.136635755202269                     60
      1.420000067446381     -2.959071835690017                      2                    0.5                 0.0001      2.102412506635511                     60
      1.424000067636371     -2.964519463557102                      2                    0.5                 0.0001      2.071318324638541                     60
       1.42800006782636     -2.963784025023403                      2                    0.5                 0.0001      2.042866236608112                     60
       1.43200006801635     -2.957770535682434                      2                    0.5                 0.0001      2.016682809333777                     60
       1.43600006820634     -2.951694105338202                      2                    0.5                 0.0001      1.991245710047995                     60
       1.44000006839633      -2.95343426816654                      2                    0.5                 0.0001      1.964257141584045                     60
       1.44400006858632     -2.969402931178308                      1                    0.5                 0.0001      1.770447357398105                     60
      1.448000068776309     -3.008404823050619                      1                    0.5                 0.0001      1.762435047588844                     60
      1.452000068966299     -3.068078313874965                      1                    0.5                 0.0001      1.761821287930099                     60
      1.456000069156289      3.128164527588642                      1                    0.5                 0.0001      1.771914398249633                     60
      1.460000069346279      3.014071123283339                      1                    0.5                 0.0001       1.79512110145104                     60
      1.464000069536269      2.886155578115835                      1                    0.5                 0.0001      1.830071850530839                     60
      1.468000069726259      2.776347895547598                      1                    0.5                 0.0001      1.863564288879733                     60
      1.472000069916248      2.682776249055256                      1                    0.5                 0.0001      1.894009349605098                     60
      1.476000070106238      2.603932452744668                      1                    0.5                 0.0001      1.919589252178108                     60
      1.480000070296228      2.539778269162555                      1                    0.5                 0.0001      1.937888977613927                     60
      1.484000070486218      2.475566846247267                      1                    0.5                 0.0001      1.957705915594202                     60
      1.488000070676208      2.432897356315043                      1                    0.5                 0.0001        1.9628320648312                     60
      1.492000070866197      2.406191810213551                      1                    0.5                 0.0001      1.956602406825787                     60
      1.496000071056187      2.384251875576048                      1                    0.5                 0.0001      1.947075337258324                     60
      1.500000071246177      2.357040540842947                      1                    0.5                 0.0001      1.941682196592514                     60
      1.504000071436167      2.298555856987541                      0                    0.5                 0.0001      1.839612709713172                     60
      1.508000071626157      2.220718223963496                      0                    0.5                 0.0001      1.870542984679716                     60
      1.512000071816146      2.141038324913105                      0                    0.5                 0.0001      1.892148824843276                     60
      1.516000072006136      2.081520065357354                      0                    0.5                 0.0001      1.895107238448616                     60
      1.520000072196126      2.039543269279325                      0                    0.5                 0.0001      1.886838636594085                     60
      1.524000072386116      1.989783790973037                      0                    0.5                 0.0001      1.878289514349729                     60
      1.528000072576106       1.93542467703025                      0                    0.5                 0.0001      1.867526474101946                     60
      1.532000072766095      1.897690073353347                      0                    0.5                 0.0001      1.851023300025447                     60
      1.536000072956085      1.906714583032006                      0                    0.5                 0.0001      1.826641644498751                     60
      1.540000073146075      1.960983301480263                      0                    0.5                 0.0001      1.794093496517669                     60
      1.544000073336065      2.025939336634139                      0                    0.5                 0.0001       1.75720507308036                     60
      1.548000073526055      2.093699552608761                      0                    0.5                 0.0001      1.716993503770402                     60
      1.552000073716044      2.159414760506301                      0                    0.5                 0.0001      1.675403532349559                     60
      1.556000073906034      2.220505806371343                      0                    0.5                 0.0001      1.633764022978696                     60
      1.560000074096024      2.276132644207152                      0                    0.5                 0.0001      1.593224834288132                     60
      1.564000074286014      2.312462772436301                      1                    0.5                 0.0001      1.949501886153439                     60
      1.568000074476004      2.343132336731669                      1                    0.5                 0.0001      1.901628842044765                     60
      1.572000074665993      2.366087391532198                      1                    0.5                 0.0001      1.861233533118245                     60
      1.576000074855983      2.377462373456925                      1                    0.5                 0.0001      1.830279640786233                     60
      1.580000075045973      2.375317403390312                      1                    0.5                 0.0001      1.809328601574508                     60
      1.584000075235963        2.3524071291932                      0                    0.5                 0.0001       1.54259581034383                     60
      1.588000075425953      2.344101645923181                      0                    0.5                 0.0001      1.530441015216702                     60
      1.592000075615942      2.357695548448696                      0                    0.5                 0.0001      1.508652466339775                     60
      1.596000075805932      2.376378668359115                      0                    0.5                 0.0001      1.485012699338127                     60
      1.600000075995922      2.383210774537957                      0                    0.5                 0.0001      1.467184863045815                     60
      1.604000076185912      2.361850326427769                      1                    0.5                 0.0001      1.796501184004704                     60
      1.608000076375902      2.334054216066415                      1                    0.5                 0.0001       1.79396823571885                     60
      1.612000076565892      2.311920842811328                      1                    0.5                 0.0001      1.787997523083342                     60
      1.616000076755881      2.297913640250832                      1                    0.5                 0.0001      1.776598599981839                     60
      1.620000076945871      2.284221344306032                      1                    0.5                 0.0001      1.765323772914515                     60
      1.624000077135861      2.253579842829861                      2                    0.5                 0.0001      2.310320143707599                     60
      1.628000077325851      2.228968961148388                      2                    0.5                 0.0001      2.283262263297207                     60
      1.632000077515841      2.207213196386318                      2                    0.5                 0.0001      2.255350956693919                     60
       1.63600007770583       2.19132720065092                      2                    0.5                 0.0001      2.226042260889684                     60
       1.64000007789582      2.193400994924918                      2                    0.5                 0.0001      2.192374304508994                     60
       1.64400007808581      2.203312048314985                      2                    0.5                 0.0001      2.157488087748284                     60
        1.6480000782758      2.226346821388689                      2                    0.5                 0.0001      2.119792743646876                     60
       1.65200007846579      2.249158926514612                      2                    0.5                 0.0001      2.083096509505533                     60
      1.656000078655779      2.267130043726457                      2                    0.5                 0.0001      2.048808695485993                     60
      1.660000078845769      2.288948098404492                      2                    0.5                 0.0001      2.014352980823309                     60
      1.664000079035759      2.312835772511376                      0                    0.5                 0.0001      1.483740547474831                     60
      1.668000079225749      2.349274867159235                      0                    0.5                 0.0001      1.453256428672685                     60
      1.672000079415739      2.383152946228105                      0                    0.5                 0.0001      1.424553611341588                     60
      1.676000079605728      2.402714579078721                      0                    0.5                 0.0001      1.402629492963644                     60
      1.680000079795718      2.408296146517158                      0                    0.5                 0.0001      1.387108653727946                     60
      1.684000079985708      2.394880787493161                      0                    0.5                 0.0001      1.379832926498646                     60
      1.688000080175698      2.384644806852498                      0                    0.5                 0.0001      1.371350439521417                     60
      1.692000080365688      2.380329686225314                      0                    0.5                 0.0001       1.36054609939406                     60
      1.696000080555677      2.375258177645822                      0                    0.5                 0.0001      1.350238232170759                     60
      1.700000080745667      2.364809094484656                      0                    0.5                 0.0001      1.342313644912686                     60
      1.704000080935657      2.336039303572207                      0                    0.5                 0.0001      1.342136505187625                     60
      1.708000081125647      2.302307610703767                      0                    0.5                 0.0001      1.344299777549017                     60
      1.712000081315637      2.267633935225293                      0                    0.5                 0.0001      1.347135240938369                     60
      1.716000081505626      2.236610551450494                      0                    0.5                 0.0001      1.348670829691856                     60
      1.720000081695616      2.210638279558173                      0                    0.5                 0.0001      1.348163077442546                     60
      1.724000081885606      2.169106380272238                      1                    0.5                 0.0001      1.833177671832612                     60
      1.728000082075596      2.115765396634289                      1                    0.5                 0.0001      1.854426414858255                     60
      1.732000082265586      2.039596234694565                      1                    0.5                 0.0001      1.894786130203852                     60
      1.736000082455575      1.944469200038169                      1                    0.5                 0.0001      1.948537035516727                     60
      1.740000082645565       1.85353438838076                      1                    0.5                 0.0001      1.992088077056408                     60
      1.744000082835555      1.760462983289676                      1                    0.5                 0.0001      2.026051078971002                     60
      1.748000083025545      1.674601645491567                      1                    0.5                 0.0001      2.042187010865382                     60
      1.752000083215535      1.578830195390985                      1                    0.5                 0.0001      2.046481828852724                     60
      1.756000083405524      1.468387212969246                      1                    0.5                 0.0001      2.032555245663339                     60
      1.760000083595514      1.345144760644458                      1                    0.5                 0.0001      1.992104538720366                     60
      1.764000083785504      1.227156698153241                      1                    0.5                 0.0001      1.929788240178492                     60
      1.768000083975494      1.121433213512795                      1                    0.5                 0.0001      1.859324315527824                     60
      1.772000084165484      1.038558542089633                      1                    0.5                 0.0001      1.796128302404905                     60
      1.776000084355474       0.97010243924219                      1                    0.5                 0.0001      1.741071831713453                     60
      1.780000084545463     0.9020090559357055                      1                    0.5                 0.0001      1.689151023607891                     60
      1.784000084735453     0.8403894607724105                      0                    0.5                 0.0001      1.529668439690094                     60
      1.788000084925443     0.7780340603561227                      0                    0.5                 0.0001       1.48413813220995                     60
      1.792000085115433      0.724587801964665                      0                    0.5                 0.0001      1.444718334288442                     60
      1.796000085305423     0.6929232202601483                      0                    0.5                 0.0001      1.416780422767669                     60
      1.800000085495412     0.6802375510703937                      0                    0.5                 0.0001      1.398010008376103                     60
      1.804000085685402     0.6904333578557784                      0                    0.5                 0.0001      1.389164163162173                     60
      1.808000085875392     0.7055935690470161                      0                    0.5                 0.0001        1.3826566261786                     60
      1.812000086065382       0.72990607294048                      0                    0.5                 0.0001      1.380445907351767                     60
      1.816000086255372     0.7787461547224437                      0                    0.5                 0.0001      1.389801874108825                     60
      1.820000086445361     0.8667751489945559                      0                    0.5                 0.0001      1.419690085105626                     60
      1.824000086635351     0.9908481469260622                      2                    0.5                 0.0001      2.096717408800773                     60
      1.828000086825341      1.070710634124483                      2                    0.5                 0.0001      2.067259300710691                     60
      1.832000087015331      1.117283492984028                      2                    0.5                 0.0001      2.039877200790037                     60
      1.836000087205321      1.137942441405814                      2                    0.5                 0.0001      2.013004785784459                     60
       1.84000008739531      1.135691413778353                      2                    0.5                 0.0001       1.98581429475741                     60
        1.8440000875853      1.141615282777525                      0                    0.5                 0.0001      1.544751688184107                     60
       1.84800008777529      1.166279210870824                      0                    0.5                 0.0001       1.53950768895158                     60
       1.85200008796528      1.197489167045594                      0                    0.5                 0.0001      1.536317479027039                     60
       1.85600008815527      1.216879290748059                      0                    0.5                 0.0001      1.527832335030592                     60
      1.860000088345259      1.213162794938144                      0                    0.5                 0.0001      1.510853624119223                     60
      1.864000088535249       1.20231893145565                      0                    0.5                 0.0001      1.491586945210653                     60
      1.868000088725239      1.191918992079914                      0                    0.5                 0.0001      1.472816728670649                     60
      1.872000088915229      1.201388550433064                      0                    0.5                 0.0001      1.461801008387824                     60
      1.876000089105219       1.22912479716675                      0                    0.5                 0.0001      1.457309008660371                     60
      1.880000089295208      1.261032322010555                      0                    0.5                 0.0001      1.453673535732048                     60
      1.884000089485198      1.302764383343775                      0                    0.5                 0.0001      1.451939143630637                     60
      1.888000089675188      1.350518050685074                      0                    0.5                 0.0001      1.450275155225164                     60
      1.892000089865178      1.422929941471605                      0                    0.5                 0.0001      1.451141829931662                     60
      1.896000090055168      1.533070480840645                      0                    0.5                 0.0001      1.450335150312856                     60
      1.900000090245157      1.665516395936688                      0                    0.5                 0.0001      1.436036337501811                     60
      1.904000090435147      1.792952375208348                      1                    0.5                 0.0001      1.850682997470365                     60
      1.908000090625137      1.899337228652816                      1                    0.5                 0.0001      1.782031496001296                     60
      1.912000090815127      1.983714840934766                      1                    0.5                 0.0001      1.719578613055613                     60
      1.916000091005117      2.047457145990931                      1                    0.5                 0.0001        1.6682070017184                     60
      1.920000091195107      2.097875867320818                      1                    0.5                 0.0001      1.625285193236888                     60
      1.924000091385096      2.133401890127088                      1                    0.5                 0.0001      1.591268073374987                     60
      1.928000091575086      2.165361009469207                      1                    0.5                 0.0001      1.560460070634335                     60
      1.932000091765076      2.179743936061545                      1                    0.5                 0.0001      1.538236513122293                     60
      1.936000091955066      2.166313697885271                      1                    0.5                 0.0001      1.527882615909549                     60
      1.940000092145056      2.128548541557334                      1                    0.5                 0.0001      1.528357063691571                     60
      1.944000092335045      2.073920743495989                      0                    0.5                 0.0001       1.33655343915627                     60
      1.948000092525035      2.039989363629696                      0                    0.5                 0.0001      1.334576295088244                     60
      1.952000092715025      2.023830158345809                      0                    0.5                 0.0001      1.327318692957111                     60
      1.956000092905015      2.003566014462877                      0                    0.5                 0.0001      1.321227168505895                     60
      1.960000093095005      1.967461691893638                      0                    0.5                 0.0001      1.319446816619907                     60
      1.964000093284994      1.904637985781342                      0                    0.5                 0.0001      1.324388463851903                     60
      1.968000093474984      1.828642291302859                      0                    0.5                 0.0001      1.331341635184985                     60
      1.972000093664974      1.752015275299265                      0                    0.5                 0.0001      1.336221259031611                     60
      1.976000093854964      1.692590091342809                      0                    0.5                 0.0001      1.335230415730835                     60
      1.980000094044954      1.655070151608324                      0                    0.5                 0.0001      1.329141215473424                     60
      1.984000094234943      1.612687434807871                      1                    0.5                 0.0001      1.761372366963987                     60
      1.988000094424933      1.545363259451895                      1                    0.5                 0.0001      1.759117107743168                     60
      1.992000094614923      1.443902423148487                      1                    0.5                 0.0001      1.754053165255183                     60
      1.996000094804913       1.32289192443192                      1                    0.5                 0.0001      1.733272648252411                     60
      2.000000094994903      1.204609840568711                      1                    0.5                 0.0001      1.696525377236825                     60
