#! FIELDS time theta lambda sigma_theta sigma_lambda height biasf
#! SET multivariate false
#! SET kerneltype gaussian
#! SET min_theta -pi
#! SET max_theta pi
      2.000000094994903     -2.911283983647021                      0                    0.5                 0.0001      1.260486207928381                     60
      4.000000189989805     -2.989531835813964                      0                    0.5                 0.0001      1.249972929957992                     60
      6.000000284984708     -3.066576749844599                      0                    0.5                 0.0001      1.239997110997374                     60
       8.00000037997961      3.041244163981965                      0                    0.5                 0.0001       1.23298541385456                     60
      10.00000047497451     -3.139438303108341                      0                    0.5                 0.0001      1.220723981737803                     60
      12.00000056996942      3.027126511439802                      0                    0.5                 0.0001      1.213457325738921                     60
      14.00000066496432      2.780945132506685                      0                    0.5                 0.0001      1.216307563299879                     60
      16.00000075995922      3.093585204744619                      0                    0.5                 0.0001      1.193802673845955                     60
      18.00000085495412      -3.08475914385822                      0                    0.5                 0.0001      1.184757853380801                     60
      20.00000094994903     -3.100188630843733                      0                    0.5                 0.0001      1.175104593062771                     60
      22.00000104494393     -3.021567122420274                      0                    0.5                 0.0001      1.167941006657816                     60
      24.00000113993883     -2.900288123742909                      0                    0.5                 0.0001      1.165905558409532                     60
      26.00000123493373     -2.853040208625095                      0                    0.5                 0.0001      1.160739256097578                     60
      28.00000132992864      3.000574478839996                      0                    0.5                 0.0001      1.147849011666864                     60
      30.00000142492354     -3.015499331944677                      0                    0.5                 0.0001      1.134119690018837                     60
      32.00000151991844      3.102224737660397                      0                    0.5                 0.0001      1.125448457293611                     60
      34.00000161491334      2.851450637826395                      0                    0.5                 0.0001      1.139744762375279                     60
      36.00000170990825      2.848750882235112                      0                    0.5                 0.0001      1.131403880162263                     60
      38.00000180490315     -3.031889124839803                      0                    0.5                 0.0001      1.104518155195077                     60
      40.00000189989805      2.750730115030373                      0                    0.5                 0.0001      1.132255613486698                     60
      42.00000199489295      2.973375751917149                      0                    0.5                 0.0001      1.094402135237573                     60
      44.00000208988786     -3.050202626312701                      0                    0.5                 0.0001      1.083216514128035                     60
      46.00000218488276     -2.764573616060526                      0                    0.5                 0.0001      1.113129254552597                     60
      48.00000227987766     -2.512466576030106                      0                    0.5                 0.0001      1.157374413390795                     60
      50.00000237487257     -2.935932572676298                      0                    0.5                 0.0001      1.072444349078598                     60
      52.00000246986747      2.796549905188014                      0                    0.5                 0.0001      1.094508803815721                     60
      54.00000256486237     -2.434709343289788                      0                    0.5                 0.0001      1.158682007011727                     60
      56.00000265985727      2.926414479197446                      0                    0.5                 0.0001      1.063715391257218                     60
      58.00000275485218      2.378226648452136                      0                    0.5                 0.0001      1.172701262157967                     60
      60.00000284984708     -2.999968927185892                      0                    0.5                 0.0001      1.042562909635513                     60
      62.00000294484198     -3.045952483102802                      0                    0.5                 0.0001      1.032193700598383                     60
      64.00000303983688      2.853557016417036                      0                    0.5                 0.0001      1.051595519839313                     60
      66.00000313483179     -2.809679371572275                      0                    0.5                 0.0001      1.050553478674874                     60
      68.00000322982669    -0.5362819846671574                      0                    0.5                 0.0001      1.260486207928381                     60
      70.00000332482159   -0.05806795415006594                      0                    0.5                 0.0001      1.253739789134204                     60
      72.00000341981649    -0.1263113701277105                      0                    0.5                 0.0001      1.242448462419551                     60
       74.0000035148114   -0.05677242946581629                      0                    0.5                 0.0001      1.232979652929994                     60
       76.0000036098063    0.09354102078630255                      0                    0.5                 0.0001      1.226412247280376                     60
       78.0000037048012    0.08155729390829691                      0                    0.5                 0.0001       1.21596709468585                     60
       80.0000037997961  -0.001054811137564116                      0                    0.5                 0.0001      1.204210501909459                     60
      82.00000389479101     0.1603894964023844                      0                    0.5                 0.0001      1.199660518765929                     60
      84.00000398978591    -0.2849095679234432                      0                    0.5                 0.0001      1.192706561926181                     60
      86.00000408478081     -0.260150626356022                      0                    0.5                 0.0001      1.181856485565163                     60
      88.00000417977571     0.1687915982572239                      0                    0.5                 0.0001      1.177618072454735                     60
      90.00000427477062     0.0160978806436658                      0                    0.5                 0.0001      1.160839897877403                     60
      92.00000436976552     0.2708132277802768                      0                    0.5                 0.0001      1.168735275284815                     60
      94.00000446476042     0.2486946879106497                      0                    0.5                 0.0001      1.157424648341372                     60
      96.00000455975533    -0.6850945334265077                      0                    0.5                 0.0001      1.200148420084076                     60
      98.00000465475023     0.1104434640698386                      0                    0.5                 0.0001       1.13600216001651                     60
      100.0000047497451      0.290108718870199                      0                    0.5                 0.0001      1.142980766597713                     60
        102.00000484474     0.1754571389359807                      0                    0.5                 0.0001      1.123259972143798                     60
      104.0000049397349    0.08448537819833213                      0                    0.5                 0.0001       1.10987094504511                     60
      106.0000050347298    -0.3691019583948041                      0                    0.5                 0.0001      1.131871697039813                     60
      108.0000051297247    -0.1022780358865325                      0                    0.5                 0.0001      1.096495802851798                     60
      110.0000052247196    -0.4608310615680895                      0                    0.5                 0.0001      1.130792545070633                     60
      112.0000053197145     0.4624521237527297                      0                    0.5                 0.0001      1.135741433732322                     60
      114.0000054147094    -0.9422568286178814                      0                    0.5                 0.0001      1.204076642862344                     60
      116.0000055097044     0.3792717289080842                      0                    0.5                 0.0001      1.111751253075528                     60
      118.0000056046993     -2.359930760287277                      0                    0.5                 0.0001      1.151123942639451                     60
      120.0000056996942     -2.937624263879616                      0                    0.5                 0.0001      1.018846063289313                     60
      122.0000057946891       2.74943487844491                      0                    0.5                 0.0001      1.058130239265354                     60
       124.000005889684     -2.898445405697913                      0                    0.5                 0.0001      1.013525775392689                     60
      126.0000059846789     -2.646992960370151                      0                    0.5                 0.0001      1.057830223618875                     60
      128.0000060796738      2.642494869943594                      0                    0.5                 0.0001      1.073659685340185                     60
      130.0000061746687      2.506685302818568                      0                    0.5                 0.0001      1.103280903594274                     60
      132.0000062696636     0.4597699289825687                      0                    0.5                 0.0001      1.118126411964096                     60
      134.0000063646585      2.911755668474497                      0                    0.5                 0.0001     0.9995001072049305                     60
      136.0000064596534      2.327375179670152                      0                    0.5                 0.0001       1.13919631918447                     60
      138.0000065546483     -2.382791575590388                      0                    0.5                 0.0001      1.118895087911589                     60
      140.0000066496432        3.0313672723038                      1                    0.5                 0.0001      1.260486207928381                     60
      142.0000067446381      2.840801402329777                      0                    0.5                 0.0001      1.000022689845228                     60
       144.000006839633      2.492122761552057                      0                    0.5                 0.0001      1.080162603201041                     60
      146.0000069346279    -0.6441410005281041                      0                    0.5                 0.0001      1.144288502104537                     60
      148.0000070296228    -0.4755959795464562                      0                    0.5                 0.0001      1.105896526366807                     60
      150.0000071246177     0.2995844439259319                      0                    0.5                 0.0001       1.07925164583516                     60
      152.0000072196126     0.8265382316199936                      0                    0.5                 0.0001      1.178437944145071                     60
      154.0000073146075     0.6628646505763189                      0                    0.5                 0.0001      1.135202482900148                     60
      156.0000074096024    -0.0325185959271006                      0                    0.5                 0.0001      1.043095681870639                     60
      158.0000075045973     0.3656955269387074                      0                    0.5                 0.0001      1.064265263279879                     60
      160.0000075995922   -0.09332728805133295                      0                    0.5                 0.0001      1.033588068671379                     60
      162.0000076945871      0.274463174862456                      0                    0.5                 0.0001       1.03821852832266                     60
       164.000007789582    -0.0703366946134234                      0                    0.5                 0.0001      1.019401448382113                     60
      166.0000078845769    -0.5322602509924144                      0                    0.5                 0.0001      1.086293354046839                     60
      168.0000079795718    -0.1443096979562011                      0                    0.5                 0.0001      1.012990115983591                     60
      170.0000080745667     -0.295812092571464                      1                    0.5                 0.0001      1.260486207928381                     60
      172.0000081695616    0.02776481607389236                      1                    0.5                 0.0001      1.251847696905725                     60
      174.0000082645565      1.882349901846041                      0                    0.5                 0.0001      1.211525075778713                     60
      176.0000083595514      -2.53287997803238                      0                    0.5                 0.0001      1.067664501684535                     60
      178.0000084545463    0.04417370692059563                      1                    0.5                 0.0001      1.241540027990232                     60
      180.0000085495412     0.1987917539048389                      1                    0.5                 0.0001      1.234166231227168                     60
      182.0000086445361     0.5077506086370729                      0                    0.5                 0.0001       1.06462189313184                     60
       184.000008739531     0.8274989780408131                      0                    0.5                 0.0001      1.137189244143874                     60
      186.0000088345259    -0.3708832730030824                      0                    0.5                 0.0001      1.036861335776846                     60
      188.0000089295208    -0.2937068230388946                      0                    0.5                 0.0001      1.015587361774074                     60
      190.0000090245157     0.3003361584546456                      0                    0.5                 0.0001      1.005061147967522                     60
      192.0000091195107     -0.470366537828236                      0                    0.5                 0.0001      1.041733228549978                     60
      194.0000092145056     -1.487090582299383                      0                    0.5                 0.0001      1.227079882370504                     60
      196.0000093095005      3.035244264104016                      0                    0.5                 0.0001     0.9606814312049144                     60
      198.0000094044954      2.865580077676868                      1                    0.5                 0.0001      1.250410886434534                     60
      200.0000094994903     -2.994014899983367                      0                    0.5                 0.0001     0.9588380081740905                     60
      202.0000095944852   -0.01639318455408034                      1                    0.5                 0.0001      1.221401156342948                     60
      204.0000096894801     0.9955191144706088                      0                    0.5                 0.0001      1.162561760791761                     60
       206.000009784475     -1.036028900144446                      0                    0.5                 0.0001      1.165831079273575                     60
      208.0000098794699     0.2279275239532161                      1                    0.5                 0.0001      1.215847619109711                     60
      210.0000099744648     -2.643927764484761                      0                    0.5                 0.0001      1.021143455684209                     60
      212.0000100694597      2.423214913178047                      0                    0.5                 0.0001      1.081008630309149                     60
      214.0000101644546      1.068051366731124                      0                    0.5                 0.0001      1.167840804141589                     60
      216.0000102594495      1.961704633732003                      0                    0.5                 0.0001      1.179379088719667                     60
      218.0000103544444    -0.4539100905994577                      0                    0.5                 0.0001      1.025395101138096                     60
      220.0000104494393     0.6354045523538989                      0                    0.5                 0.0001      1.058908661405967                     60
      222.0000105444342     0.1873505501717077                      0                    0.5                 0.0001     0.9691807400697411                     60
      224.0000106394291    -0.1142199626097322                      1                    0.5                 0.0001      1.204630843240547                     60
       226.000010734424      3.020884412151936                      1                    0.5                 0.0001      1.239868833715428                     60
      228.0000108294189     -2.106848687220944                      0                    0.5                 0.0001      1.158783983685615                     60
      230.0000109244138     -2.114990085336157                      0                    0.5                 0.0001      1.148059119846532                     60
      232.0000110194087     -2.506764824074073                      0                    0.5                 0.0001      1.040480276738135                     60
      234.0000111144036     -3.091058073439367                      1                    0.5                 0.0001      1.232180152372919                     60
      236.0000112093985       2.10249532200188                      0                    0.5                 0.0001      1.144756113718658                     60
      238.0000113043934      2.979632747449611                      0                    0.5                 0.0001     0.9424613506121752                     60
      240.0000113993883       2.77682497947113                      0                    0.5                 0.0001      0.968850071995887                     60
      242.0000114943832     0.2329324778789221                      1                    0.5                 0.0001      1.198473632580751                     60
      244.0000115893781       2.13530931902871                      0                    0.5                 0.0001      1.124302493584107                     60
       246.000011684373     -2.331995592041105                      0                    0.5                 0.0001      1.078671786135807                     60
      248.0000117793679     -2.814142999920134                      0                    0.5                 0.0001     0.9511760651015114                     60
      250.0000118743628     -3.080879603977402                      1                    0.5                 0.0001      1.222257966531774                     60
      252.0000119693577     -3.139980813683316                      0                    0.5                 0.0001     0.9151924096144024                     60
      254.0000120643526     -2.895685470278381                      1                    0.5                 0.0001      1.219340488408138                     60
      256.0000121593475      2.456390681604466                      0                    0.5                 0.0001      1.032724145099926                     60
      258.0000122543424    -0.9651593175727604                      0                    0.5                 0.0001      1.136007990677623                     60
      260.0000123493373     0.2474520473303059                      1                    0.5                 0.0001      1.189561462009133                     60
      262.0000124443322    0.05857054675801177                      0                    0.5                 0.0001     0.9548517246006719                     60
      264.0000125393271       1.31521713163278                      0                    0.5                 0.0001      1.180896750985689                     60
       266.000012634322      2.707790733645105                      0                    0.5                 0.0001     0.9613680095425946                     60
      268.0000127293169      2.872956100303174                      0                    0.5                 0.0001     0.9236030497336926                     60
      270.0000128243119      2.786914166268668                      0                    0.5                 0.0001     0.9328557245643554                     60
      272.0000129193068     -2.418162505000056                      0                    0.5                 0.0001      1.038059653561632                     60
      274.0000130143017     -3.098924856918726                      1                    0.5                 0.0001      1.202711967550909                     60
      276.0000131092966     -3.103852976390933                      1                    0.5                 0.0001       1.19295411313159                     60
      278.0000132042915     -2.905824904879745                      1                    0.5                 0.0001      1.190977106557487                     60
      280.0000132992864   -0.04903306612133962                      0                    0.5                 0.0001     0.9495256784106209                     60
      282.0000133942813     -1.152654370917623                      0                    0.5                 0.0001      1.160034703023939                     60
      284.0000134892762     -1.640120322702765                      0                    0.5                 0.0001      1.181815504968189                     60
      286.0000135842711    -0.3394948740606338                      0                    0.5                 0.0001     0.9757164536308933                     60
       288.000013679266     -1.081961129164723                      0                    0.5                 0.0001       1.13196709798637                     60
      290.0000137742609     -2.372550865330487                      0                    0.5                 0.0001      1.040573868553479                     60
      292.0000138692558     0.5642401279672971                      0                    0.5                 0.0001      1.018154609032552                     60
      294.0000139642507    -0.9491982127459995                      0                    0.5                 0.0001      1.098362251517636                     60
      296.0000140592456     -1.775545476700709                      0                    0.5                 0.0001      1.153503705085066                     60
      298.0000141542405     -2.668585797885023                      1                    0.5                 0.0001      1.200880504748468                     60
      300.0000142492354       1.89447809796159                      0                    0.5                 0.0001      1.146736819278112                     60
      302.0000143442303      2.800703107368502                      1                    0.5                 0.0001      1.189424918533473                     60
      304.0000144392252      2.967645386459159                      0                    0.5                 0.0001     0.8975525014536104                     60
      306.0000145342201      3.132587681188244                      1                    0.5                 0.0001      1.161311903407692                     60
       308.000014629215    -0.5972448869679878                      0                    0.5                 0.0001      1.012969269301981                     60
      310.0000147242099    -0.4439141409352638                      0                    0.5                 0.0001      0.974583926540846                     60
      312.0000148192048       2.19188316782606                      0                    0.5                 0.0001      1.073896249919601                     60
      314.0000149141997      1.274877423260399                      0                    0.5                 0.0001      1.158576545235285                     60
      316.0000150091946      1.218028318160824                      0                    0.5                 0.0001      1.143646432655024                     60
      318.0000151041895     0.1461582114272426                      1                    0.5                 0.0001      1.176352414994514                     60
      320.0000151991844      0.276401259839778                      1                    0.5                 0.0001      1.172630165397424                     60
      322.0000152941793      0.711546925579194                      0                    0.5                 0.0001      1.038490669493729                     60
      324.0000153891742     -2.772811023514913                      0                    0.5                 0.0001     0.9266289335812623                     60
      326.0000154841691     -0.173213514355814                      1                    0.5                 0.0001      1.169624646617049                     60
       328.000015579164     -2.514823414428493                      0                    0.5                 0.0001     0.9843918072728665                     60
      330.0000156741589      2.483814820447963                      0                    0.5                 0.0001     0.9861933211296156                     60
      332.0000157691538     0.9400117590522576                      0                    0.5                 0.0001      1.083019784060421                     60
      334.0000158641487    -0.3051040954436273                      1                    0.5                 0.0001      1.173362849609425                     60
      336.0000159591436   -0.05881516448767954                      1                    0.5                 0.0001      1.144921543172537                     60
      338.0000160541385        2.0625489090621                      0                    0.5                 0.0001      1.086599834108166                     60
      340.0000161491334      1.467169293237642                      0                    0.5                 0.0001       1.13928797453958                     60
      342.0000162441283    -0.4160050752687794                      0                    0.5                 0.0001     0.9622984142269031                     60
      344.0000163391232     -2.074482696667969                      0                    0.5                 0.0001      1.092597194630722                     60
      346.0000164341182      2.975932408565911                      0                    0.5                 0.0001     0.8794377611437727                     60
      348.0000165291131     -1.307009595813111                      0                    0.5                 0.0001      1.132036978276599                     60
       350.000016624108    0.07488002321442089                      0                    0.5                 0.0001     0.9175031675483278                     60
      352.0000167191029    -0.7233342886677687                      1                    0.5                 0.0001      1.211933691385611                     60
      354.0000168140978   -0.04730574569186752                      0                    0.5                 0.0001     0.9105186045397637                     60
      356.0000169090927    0.01533096087177199                      1                    0.5                 0.0001      1.131258406356314                     60
      358.0000170040876      1.036318453180492                      0                    0.5                 0.0001       1.08549618215311                     60
      360.0000170990825      1.148211387377918                      0                    0.5                 0.0001      1.095530585199838                     60
      362.0000171940774      3.012488238368311                      0                    0.5                 0.0001     0.8714265442558632                     60
      364.0000172890723      3.135358558925888                      1                    0.5                 0.0001      1.152250636660039                     60
      366.0000173840672     -2.169984106650207                      0                    0.5                 0.0001       1.05991669365713                     60
      368.0000174790621      3.074019469165608                      0                    0.5                 0.0001     0.8626605138000574                     60
       370.000017574057     -2.754622336250314                      0                    0.5                 0.0001     0.9028898740765438                     60
      372.0000176690519      3.120666388407656                      1                    0.5                 0.0001      1.143518603472002                     60
      374.0000177640468     -0.536617486063566                      0                    0.5                 0.0001     0.9712007393445621                     60
      376.0000178590417     -0.327667541318144                      1                    0.5                 0.0001      1.145118356015153                     60
      378.0000179540366    -0.4556095090093772                      0                    0.5                 0.0001     0.9479698076345331                     60
      380.0000180490315    -0.3102584259008405                      1                    0.5                 0.0001      1.134320257416756                     60
      382.0000181440264     0.6524866280216308                      0                    0.5                 0.0001     0.9917945881384329                     60
      384.0000182390213    -0.6242116084570544                      0                    0.5                 0.0001     0.9784225400301824                     60
      386.0000183340162     0.1317304316756971                      1                    0.5                 0.0001      1.114156040481146                     60
      388.0000184290111     -2.905693162901271                      1                    0.5                 0.0001      1.144392990884116                     60
       390.000018524006      2.689148341602773                      0                    0.5                 0.0001     0.9101468512370008                     60
      392.0000186190009     -2.800747421391948                      1                    0.5                 0.0001       1.14624178009311                     60
      394.0000187139958     -2.509209051041294                      0                    0.5                 0.0001     0.9571283123544214                     60
      396.0000188089907     -2.218612483378537                      0                    0.5                 0.0001      1.030413635350208                     60
      398.0000189039856     0.5933018919599009                      0                    0.5                 0.0001     0.9720473750604625                     60
      400.0000189989805    0.06458224305759686                      1                    0.5                 0.0001      1.102238307725541                     60
      402.0000190939754    -0.6694943915835183                      0                    0.5                 0.0001     0.9823817347809001                     60
      404.0000191889703     -1.925955716576914                      0                    0.5                 0.0001      1.089035243491107                     60
      406.0000192839652     -2.274500502315106                      0                    0.5                 0.0001      1.002799948003935                     60
      408.0000193789601      2.971822965418252                      1                    0.5                 0.0001      1.129746869401284                     60
       410.000019473955     -1.295737490068858                      0                    0.5                 0.0001      1.103073329407069                     60
      412.0000195689499     0.7782602743950058                      0                    0.5                 0.0001       1.00623724649583                     60
      414.0000196639448      1.998308499019648                      0                    0.5                 0.0001      1.077944886502199                     60
      416.0000197589397    -0.3962587004425613                      0                    0.5                 0.0001     0.9167612455628903                     60
      418.0000198539346     0.7936462903212913                      1                    0.5                 0.0001      1.201331402807871                     60
      420.0000199489295      0.283074480553438                      0                    0.5                 0.0001     0.9020942009867239                     60
      422.0000200439245     0.5790351308543569                      1                    0.5                 0.0001      1.155017539997731                     60
      424.0000201389194      2.490325339264347                      0                    0.5                 0.0001     0.9512462556573064                     60
      426.0000202339143      1.734635762380829                      0                    0.5                 0.0001      1.101242621661092                     60
      428.0000203289092     0.4371723927628732                      0                    0.5                 0.0001     0.9215442850898735                     60
      430.0000204239041     0.9856203533956025                      0                    0.5                 0.0001      1.033916548559767                     60
       432.000020518899      2.778781069054756                      0                    0.5                 0.0001     0.8766042904743397                     60
      434.0000206138939      2.080712938198965                      0                    0.5                 0.0001       1.04029731687882                     60
      436.0000207088888     -2.442445285459527                      0                    0.5                 0.0001     0.9517281410041393                     60
      438.0000208038837     0.2750904346945422                      0                    0.5                 0.0001     0.8879539892184745                     60
      440.0000208988786     0.2311238295441385                      0                    0.5                 0.0001     0.8777233981351693                     60
      442.0000209938735     0.7436754328422674                      0                    0.5                 0.0001     0.9677057031373275                     60
      444.0000210888684    -0.3079272980443832                      0                    0.5                 0.0001     0.8870443418176666                     60
      446.0000211838633    -0.1241810662539677                      0                    0.5                 0.0001     0.8606012524567016                     60
      448.0000212788582     -1.746013998542893                      0                    0.5                 0.0001      1.093905938050458                     60
      450.0000213738531     -2.470082082469661                      0                    0.5                 0.0001     0.9362752374557474                     60
       452.000021468848     -2.989379097447602                      1                    0.5                 0.0001      1.114874718928302                     60
      454.0000215638429       2.53536509079623                      1                    0.5                 0.0001      1.181381193141155                     60
      456.0000216588378      2.735555763442096                      1                    0.5                 0.0001      1.138580248399043                     60
      458.0000217538327      0.650442265457956                      1                    0.5                 0.0001      1.158679222983259                     60
      460.0000218488276        -1.237127085038                      0                    0.5                 0.0001       1.07886937330117                     60
      462.0000219438225     0.5743547830661386                      1                    0.5                 0.0001      1.136467456105347                     60
      464.0000220388174   -0.03915421585409096                      1                    0.5                 0.0001      1.079594654258304                     60
      466.0000221338123     -1.178105776401893                      0                    0.5                 0.0001      1.062687926200746                     60
      468.0000222288072    -0.5270108895397247                      0                    0.5                 0.0001     0.9150751002101916                     60
      470.0000223238021    -0.8426245724678019                      0                    0.5                 0.0001     0.9833416948246796                     60
       472.000022418797    -0.0764399897965049                      1                    0.5                 0.0001      1.073962576440429                     60
      474.0000225137919     -2.130484849270627                      0                    0.5                 0.0001      1.010573690462221                     60
      476.0000226087868      2.627418542601992                      0                    0.5                 0.0001     0.8995225734080954                     60
      478.0000227037817     -2.862616106408514                      1                    0.5                 0.0001      1.111819179150079                     60
      480.0000227987766    -0.8529531684864446                      1                    0.5                 0.0001      1.196112206182771                     60
      482.0000228937715     0.8789863182022497                      0                    0.5                 0.0001     0.9912235676929586                     60
      484.0000229887664     -2.716941243488694                      1                    0.5                 0.0001      1.125037374480193                     60
      486.0000230837613     -2.820823043437277                      0                    0.5                 0.0001     0.8548711385982269                     60
      488.0000231787562     -2.065858266229395                      0                    0.5                 0.0001       1.01560766017081                     60
      490.0000232737511     0.2997201854270752                      1                    0.5                 0.0001      1.076247328400843                     60
       492.000023368746     0.3179767118631638                      1                    0.5                 0.0001      1.070719782933227                     60
      494.0000234637409   -0.06449832040589953                      2                    0.5                 0.0001      1.260486207928381                     60
      496.0000235587358    -0.6317564074369661                      1                    0.5                 0.0001      1.144309225966177                     60
      498.0000236537308     -2.938786067803324                      1                    0.5                 0.0001      1.087852348212113                     60
      500.0000237487257      1.698179964131841                      0                    0.5                 0.0001      1.081824274753569                     60
      502.0000238437206    -0.2847476683744095                      0                    0.5                 0.0001     0.8628473917544469                     60
      504.0000239387155     -2.326714761342327                      0                    0.5                 0.0001     0.9492676903108579                     60
      506.0000240337104      2.893080906824734                      1                    0.5                 0.0001      1.094929805740907                     60
      508.0000241287053      2.169925277344284                      0                    0.5                 0.0001      1.004154239710842                     60
      510.0000242237002    -0.3651368933333932                      1                    0.5                 0.0001      1.084262765973943                     60
      512.0000243186951     0.6185601425603693                      0                    0.5                 0.0001     0.9229349199941049                     60
        514.00002441369     -3.054991237906881                      1                    0.5                 0.0001      1.067410946820961                     60
      516.0000245086849     -2.810708946445076                      0                    0.5                 0.0001     0.8459879153137601                     60
      518.0000246036798     -2.778741891828314                      1                    0.5                 0.0001      1.088556023018747                     60
      520.0000246986747      2.030098687918084                      0                    0.5                 0.0001      1.026174659021693                     60
      522.0000247936696      2.977419220182315                      0                    0.5                 0.0001     0.8264740284657708                     60
      524.0000248886645     -2.163808006117973                      0                    0.5                 0.0001     0.9784288374732519                     60
      526.0000249836594     -1.401388373984389                      0                    0.5                 0.0001      1.064746251721704                     60
      528.0000250786543     -2.290180188598226                      1                    0.5                 0.0001      1.182313840340752                     60
      530.0000251736492    -0.1112452416653968                      1                    0.5                 0.0001      1.043806171809439                     60
      532.0000252686441      1.575867178835613                      0                    0.5                 0.0001      1.067518645689752                     60
       534.000025363639       2.54538062550122                      1                    0.5                 0.0001      1.145315155374955                     60
      536.0000254586339      3.135245754955186                      1                    0.5                 0.0001      1.047573445011874                     60
      538.0000255536288     -1.692283585657849                      0                    0.5                 0.0001      1.051566095382937                     60
      540.0000256486237     -2.910257674979109                      1                    0.5                 0.0001      1.049935600772436                     60
      542.0000257436186      1.920255435622422                      0                    0.5                 0.0001      1.031425759999119                     60
      544.0000258386135     0.3091186354516715                      1                    0.5                 0.0001      1.052239635026823                     60
      546.0000259336084   -0.06836813891089122                      2                    0.5                 0.0001      1.249844247761213                     60
      548.0000260286033      -1.02192646935883                      0                    0.5                 0.0001      1.004769045907905                     60
      550.0000261235982     -1.459734106206544                      0                    0.5                 0.0001      1.047792214457498                     60
      552.0000262185931     -1.103852828585268                      1                    0.5                 0.0001      1.209109805501148                     60
       554.000026313588     -0.153472076185317                      1                    0.5                 0.0001      1.033914455570626                     60
      556.0000264085829     0.9140404610237169                      0                    0.5                 0.0001     0.9803946592258654                     60
      558.0000265035778     -2.391654612027503                      1                    0.5                 0.0001      1.144465661483627                     60
      560.0000265985727      2.163247774129204                      0                    0.5                 0.0001     0.9806468294967929                     60
      562.0000266935676       2.93773670176382                      1                    0.5                 0.0001      1.050191086208777                     60
      564.0000267885625     -3.031038876397917                      1                    0.5                 0.0001      1.024348685408738                     60
      566.0000268835574     0.3389373261565254                      2                    0.5                 0.0001      1.245256065673415                     60
      568.0000269785523      2.621276778574921                      0                    0.5                 0.0001     0.8739607925020596                     60
      570.0000270735472     -2.966533718705074                      0                    0.5                 0.0001     0.8163692233257717                     60
      572.0000271685421     -3.037351983619084                      1                    0.5                 0.0001      1.017108407473207                     60
       574.000027263537    -0.5768289558401869                      0                    0.5                 0.0001     0.9023627444989885                     60
       576.000027358532    0.01804092143848912                      0                    0.5                 0.0001     0.8334690255719795                     60
      578.0000274535269     -0.837548784776585                      0                    0.5                 0.0001     0.9509035917302991                     60
      580.0000275485218     -1.020326082791662                      0                    0.5                 0.0001     0.9823393789613946                     60
      582.0000276435167     -1.005608946467611                      1                    0.5                 0.0001      1.183399102458311                     60
      584.0000277385116      1.327227105954542                      1                    0.5                 0.0001      1.230799205473574                     60
      586.0000278335065     0.5593216589491234                      0                    0.5                 0.0001     0.8953501345843252                     60
      588.0000279285014      1.164589752446493                      0                    0.5                 0.0001      1.016042136691254                     60
      590.0000280234963     -2.983740323151983                      0                    0.5                 0.0001     0.8105875422422096                     60
      592.0000281184912      2.689089915380961                      0                    0.5                 0.0001     0.8510501897337738                     60
      594.0000282134861     -2.802463129699246                      0                    0.5                 0.0001     0.8249720101859498                     60
       596.000028308481      2.546966019336826                      0                    0.5                 0.0001     0.8757752710887365                     60
      598.0000284034759      2.758663741907599                      0                    0.5                 0.0001     0.8271294895036406                     60
      600.0000284984708      3.074573234425457                      0                    0.5                 0.0001     0.7894162232078444                     60
      602.0000285934657     -2.188003179066811                      0                    0.5                 0.0001     0.9502471162460496                     60
      604.0000286884606     -2.047602808134504                      0                    0.5                 0.0001      0.974292653962302                     60
      606.0000287834555      2.263671147777235                      0                    0.5                 0.0001     0.9336515058815774                     60
      608.0000288784504       2.97421716414106                      1                    0.5                 0.0001      1.025596723765553                     60
      610.0000289734453    -0.3590788383000132                      1                    0.5                 0.0001      1.052302711264981                     60
      612.0000290684402      0.327671216423548                      0                    0.5                 0.0001     0.8478464019058114                     60
      614.0000291634351    -0.7435321884496706                      1                    0.5                 0.0001      1.121454716255007                     60
        616.00002925843     -0.194510297087477                      0                    0.5                 0.0001     0.8278234755831816                     60
      618.0000293534249     -1.281295651633765                      0                    0.5                 0.0001      1.012700595888722                     60
      620.0000294484198     0.7217525734143191                      1                    0.5                 0.0001      1.121150743854265                     60
      622.0000295434147     0.8801940340746244                      0                    0.5                 0.0001     0.9513233272209728                     60
      624.0000296384096      1.209614931871746                      0                    0.5                 0.0001      1.008372582769324                     60
      626.0000297334045    -0.1508020445448355                      2                    0.5                 0.0001      1.233265498233571                     60
      628.0000298283994      2.174909755377445                      1                    0.5                 0.0001      1.195052421794099                     60
      630.0000299233943     -3.058520399911983                      1                    0.5                 0.0001      1.002658736585033                     60
      632.0000300183892      -2.34508998958434                      0                    0.5                 0.0001     0.9021740037274725                     60
      634.0000301133841     -2.565387154111923                      0                    0.5                 0.0001     0.8490490667906669                     60
       636.000030208379      -2.39844476541045                      0                    0.5                 0.0001      0.880032706545977                     60
      638.0000303033739     -1.226641191136019                      0                    0.5                 0.0001     0.9984573571106361                     60
      640.0000303983688    -0.6986432115279766                      2                    0.5                 0.0001        1.2440612802924                     60
      642.0000304933637    -0.5954999617199364                      0                    0.5                 0.0001     0.8790034149325744                     60
      644.0000305883586   -0.09962410508126895                      1                    0.5                 0.0001      1.008910454106149                     60
      646.0000306833535    0.08613223989789365                      1                    0.5                 0.0001      1.001157855059034                     60
      648.0000307783484     -2.405513199067834                      0                    0.5                 0.0001     0.8729048889448775                     60
      650.0000308733433     -1.189435090489906                      1                    0.5                 0.0001      1.189852672120046                     60
      652.0000309683383      2.636749069408207                      0                    0.5                 0.0001     0.8378485717841719                     60
      654.0000310633332   -0.03905598690844325                      1                    0.5                 0.0001     0.9926477226789709                     60
      656.0000311583281     0.9512954480652507                      0                    0.5                 0.0001     0.9548370625543184                     60
       658.000031253323     0.5831776930292349                      1                    0.5                 0.0001      1.070951465756704                     60
      660.0000313483179      2.255926090767737                      0                    0.5                 0.0001     0.9245915897690395                     60
      662.0000314433128      2.175659160135482                      1                    0.5                 0.0001      1.184421695469921                     60
      664.0000315383077     -1.875027519216109                      0                    0.5                 0.0001     0.9793171706627012                     60
      666.0000316333026    -0.1770696973230095                      0                    0.5                 0.0001     0.8162491380340179                     60
      668.0000317282975     0.8036095054190131                      0                    0.5                 0.0001     0.9172768865611166                     60
      670.0000318232924    -0.1007677080572806                      2                    0.5                 0.0001      1.217272646923685                     60
      672.0000319182873    -0.6472647193496028                      0                    0.5                 0.0001     0.8802477295477837                     60
      674.0000320132822    0.06695377498365218                      1                    0.5                 0.0001     0.9827015960737582                     60
      676.0000321082771    -0.0124545696476388                      2                    0.5                 0.0001      1.207868553625344                     60
       678.000032203272      1.174960168016552                      0                    0.5                 0.0001     0.9850263270558891                     60
      680.0000322982669    -0.8383891779428692                      0                    0.5                 0.0001     0.9141343202028285                     60
      682.0000323932618      2.960289479681473                      0                    0.5                 0.0001     0.7800650837836859                     60
      684.0000324882567      2.553520905552362                      1                    0.5                 0.0001      1.094527940257997                     60
      686.0000325832516       1.53549321161282                      0                    0.5                 0.0001      1.015033199963011                     60
      688.0000326782465     0.3959832885790338                      0                    0.5                 0.0001     0.8331205187719994                     60
      690.0000327732414      2.638760842267604                      1                    0.5                 0.0001      1.066206690965215                     60
      692.0000328682363      2.127740614855909                      1                    0.5                 0.0001      1.171691335870153                     60
      694.0000329632312      2.771008540735967                      0                    0.5                 0.0001     0.7999818902673655                     60
      696.0000330582261     -3.050897175250149                      2                    0.5                 0.0001      1.260486207928381                     60
       698.000033153221     -1.863473415004149                      0                    0.5                 0.0001     0.9735412657469303                     60
      700.0000332482159      -2.91682442671916                      1                    0.5                 0.0001      1.000992471861975                     60
      702.0000333432108     0.1205093829988897                      2                    0.5                 0.0001      1.201443205372673                     60
      704.0000334382057      2.758943895658645                      1                    0.5                 0.0001      1.025079455376859                     60
      706.0000335332006    -0.9410243703216712                      0                    0.5                 0.0001     0.9280293093801379                     60
      708.0000336281955    -0.1120236932950496                      1                    0.5                 0.0001     0.9804436433092705                     60
      710.0000337231904     -0.193540401677708                      1                    0.5                 0.0001     0.9819660272990087                     60
      712.0000338181853      1.338099673425976                      0                    0.5                 0.0001     0.9941161673234561                     60
      714.0000339131802      1.686619177553229                      0                    0.5                 0.0001      0.999990972254619                     60
      716.0000340081751     0.1177179498736924                      0                    0.5                 0.0001     0.8004417362200097                     60
        718.00003410317     -2.183617785972497                      1                    0.5                 0.0001      1.166971118199956                     60
      720.0000341981649      2.267098420097867                      0                    0.5                 0.0001     0.9044101742805971                     60
      722.0000342931598     0.6205240818972184                      0                    0.5                 0.0001     0.8600340334059839                     60
      724.0000343881547     -2.197594228396353                      1                    0.5                 0.0001      1.154926783924874                     60
      726.0000344831496      1.362475435087059                      0                    0.5                 0.0001     0.9813452517759403                     60
      728.0000345781446     -1.284964320437386                      0                    0.5                 0.0001     0.9767710457943655                     60
      730.0000346731395       2.09331907123822                      1                    0.5                 0.0001      1.164610479747177                     60
      732.0000347681344     -3.138650056636676                      1                    0.5                 0.0001     0.9715655004782845                     60
      734.0000348631293     -2.763298939855056                      0                    0.5                 0.0001     0.7942190947345632                     60
      736.0000349581242      2.267311407579918                      0                    0.5                 0.0001     0.8974919252368545                     60
      738.0000350531191      2.179348013013154                      0                    0.5                 0.0001     0.9113337862921669                     60
       740.000035148114     0.5438576768780035                      1                    0.5                 0.0001      1.044069241374338                     60
      742.0000352431089      1.366474558133996                      1                    0.5                 0.0001       1.20138013255866                     60
      744.0000353381038      1.273867096352657                      0                    0.5                 0.0001     0.9633031540188706                     60
      746.0000354330987    -0.4327399061336212                      2                    0.5                 0.0001      1.203269151854104                     60
      748.0000355280936     0.1506744797487496                      2                    0.5                 0.0001      1.188092792210211                     60
      750.0000356230885      1.100771885576894                      1                    0.5                 0.0001       1.16174403555179                     60
      752.0000357180834    -0.4144835140715233                      2                    0.5                 0.0001      1.187370649317325                     60
      754.0000358130783      1.031942503687667                      2                    0.5                 0.0001      1.247634083433429                     60
      756.0000359080732    -0.5302116401287451                      1                    0.5                 0.0001      1.037999606341853                     60
      758.0000360030681     0.9815910979732632                      1                    0.5                 0.0001      1.131378582052238                     60
       760.000036098063    -0.5372275301630118                      0                    0.5                 0.0001     0.8408607001024206                     60
      762.0000361930579     0.1283160635290059                      2                    0.5                 0.0001      1.170371169602175                     60
      764.0000362880528      3.128694600952879                      1                    0.5                 0.0001     0.9654060775393341                     60
      766.0000363830477     -2.889319578821664                      0                    0.5                 0.0001     0.7735678958572316                     60
      768.0000364780426     -2.811414358899943                      0                    0.5                 0.0001     0.7789200157973077                     60
      770.0000365730375      2.588729093936338                      1                    0.5                 0.0001      1.042591535415475                     60
      772.0000366680324     -2.843808461891949                      1                    0.5                 0.0001     0.9836754421978412                     60
      774.0000367630273     -1.191069307344187                      1                    0.5                 0.0001      1.171899430333575                     60
      776.0000368580222    -0.1002236998043853                      1                    0.5                 0.0001     0.9573365299410251                     60
      778.0000369530171    0.05265177507803909                      0                    0.5                 0.0001     0.7884593736461343                     60
       780.000037048012  -0.005304532557037334                      0                    0.5                 0.0001     0.7835557541849968                     60
      782.0000371430069     0.6001617064084392                      0                    0.5                 0.0001     0.8424339538048558                     60
      784.0000372380018      2.839722466116771                      0                    0.5                 0.0001     0.7721628524813207                     60
      786.0000373329967      1.503108958217697                      1                    0.5                 0.0001      1.184295009738034                     60
      788.0000374279916     -2.367580611604022                      0                    0.5                 0.0001     0.8576883189870249                     60
      790.0000375229865     -3.070551516395116                      0                    0.5                 0.0001      0.748568583332149                     60
      792.0000376179814     -2.833454729595208                      0                    0.5                 0.0001     0.7637918101890916                     60
      794.0000377129763      2.591662564127503                      1                    0.5                 0.0001       1.03221717892179                     60
      796.0000378079712     -2.483412225577914                      1                    0.5                 0.0001       1.06505478011017                     60
      798.0000379029661      2.419782790548596                      1                    0.5                 0.0001      1.066077243906372                     60
       800.000037997961      2.073742443601672                      0                    0.5                 0.0001     0.9232874362103912                     60
      802.0000380929559      1.487693079437058                      0                    0.5                 0.0001     0.9694361076822844                     60
      804.0000381879508     -1.902633581279224                      0                    0.5                 0.0001     0.9494891729123829                     60
      806.0000382829458    -0.9472223008055325                      1                    0.5                 0.0001      1.118597259077742                     60
      808.0000383779407    0.05826467334706731                      0                    0.5                 0.0001     0.7777985111950352                     60
      810.0000384729356     -2.335672850632078                      1                    0.5                 0.0001      1.097518030363841                     60
      812.0000385679305      2.202327122678343                      0                    0.5                 0.0001      0.888990705518663                     60
      814.0000386629254      -3.11277577253585                      2                    0.5                 0.0001      1.249924793273467                     60
      816.0000387579203     -2.617981873050309                      0                    0.5                 0.0001     0.7925163574330407                     60
      818.0000388529152      2.041812277544501                      0                    0.5                 0.0001     0.9150528221120793                     60
      820.0000389479101      1.928361723932135                      0                    0.5                 0.0001     0.9280167186687726                     60
       822.000039042905     -2.170544789637225                      1                    0.5                 0.0001       1.12963074235583                     60
      824.0000391378999      2.531158908103177                      1                    0.5                 0.0001      1.031783088871932                     60
      826.0000392328948      2.264473856820611                      1                    0.5                 0.0001      1.087243166847696                     60
      828.0000393278897      2.466186118654541                      0                    0.5                 0.0001     0.8199819599180661                     60
      830.0000394228846      2.597342555322382                      1                    0.5                 0.0001      1.003322894088369                     60
      832.0000395178795     -2.877760887073257                      2                    0.5                 0.0001      1.241082006371514                     60
      834.0000396128744    -0.2560894281039388                      1                    0.5                 0.0001     0.9654487828580079                     60
      836.0000397078693    -0.2670418423950629                      1                    0.5                 0.0001     0.9607673813666965                     60
      838.0000398028642     0.5678529239964494                      1                    0.5                 0.0001      1.022102810838214                     60
      840.0000398978591     0.3289089318587397                      2                    0.5                 0.0001      1.175798604186481                     60
       842.000039992854       2.64610762122124                      0                    0.5                 0.0001     0.7814960732796052                     60
      844.0000400878489     0.9307693291894736                      1                    0.5                 0.0001      1.100063218594004                     60
      846.0000401828438     -1.368919088237773                      0                    0.5                 0.0001     0.9717103088734216                     60
      848.0000402778387     -1.345819244077079                      0                    0.5                 0.0001     0.9636697170754875                     60
      850.0000403728336     0.2684320285876121                      1                    0.5                 0.0001     0.9507061146387679                     60
      852.0000404678285    -0.2535564259760186                      1                    0.5                 0.0001     0.9470288589590095                     60
      854.0000405628234     -1.099204119259026                      0                    0.5                 0.0001     0.9282202062262379                     60
      856.0000406578183     -2.359241569325868                      0                    0.5                 0.0001     0.8408169476586991                     60
      858.0000407528132     -1.631617882122522                      1                    0.5                 0.0001      1.184864320581639                     60
      860.0000408478081    0.04403397791701735                      2                    0.5                 0.0001      1.149961590250324                     60
       862.000040942803     -1.510073226698148                      1                    0.5                 0.0001      1.173017398114229                     60
      864.0000410377979      1.883536751989006                      0                    0.5                 0.0001     0.9244350292315264                     60
      866.0000411327928      2.371442599726954                      0                    0.5                 0.0001     0.8278322428587557                     60
      868.0000412277877       2.67292942302248                      0                    0.5                 0.0001     0.7677243449475993                     60
      870.0000413227826      -2.85229841160529                      0                    0.5                 0.0001     0.7464600766771271                     60
      872.0000414177775     -1.330373161759144                      0                    0.5                 0.0001      0.950147798997876                     60
      874.0000415127724     -1.232047141784669                      0                    0.5                 0.0001     0.9342790193491954                     60
      876.0000416077673     -0.674268770346897                      0                    0.5                 0.0001     0.8421878042333377                     60
      878.0000417027622     0.6104104958446035                      1                    0.5                 0.0001      1.012672452536585                     60
      880.0000417977571      1.082530153812509                      0                    0.5                 0.0001     0.9158504762678122                     60
      882.0000418927521     0.6600266078800026                      0                    0.5                 0.0001     0.8403242845778521                     60
       884.000041987747     -1.801133955680354                      0                    0.5                 0.0001     0.9360190067861947                     60
      886.0000420827419     -1.108509552432312                      1                    0.5                 0.0001      1.122154857617345                     60
      888.0000421777368     0.5156076247462789                      0                    0.5                 0.0001     0.8120508716666577                     60
      890.0000422727317    -0.9985697868652346                      0                    0.5                 0.0001     0.8906931554548708                     60
      892.0000423677266     -1.990109304098395                      0                    0.5                 0.0001     0.9032073594425157                     60
      894.0000424627215     0.3356619475837714                      2                    0.5                 0.0001      1.159547296803765                     60
      896.0000425577164     0.2121899388778434                      2                    0.5                 0.0001       1.14033156660841                     60
      898.0000426527113     0.9629759756334302                      1                    0.5                 0.0001      1.089599083294018                     60
      900.0000427477062      1.218844262719261                      0                    0.5                 0.0001     0.9224522684234703                     60
      902.0000428427011   -0.09789064629602073                      0                    0.5                 0.0001     0.7668156486883385                     60
       904.000042937696    -0.3212924052667989                      1                    0.5                 0.0001     0.9481922025430387                     60
      906.0000430326909     0.1356698904487175                      0                    0.5                 0.0001     0.7640013307141262                     60
      908.0000431276858     0.4046737367491184                      0                    0.5                 0.0001      0.784709310317605                     60
      910.0000432226807     -1.205983990645077                      0                    0.5                 0.0001     0.9123429867541367                     60
      912.0000433176756    -0.4440111912802109                      0                    0.5                 0.0001      0.790064495928975                     60
      914.0000434126705     -2.658099813114168                      1                    0.5                 0.0001     0.9962269047014572                     60
      916.0000435076654    -0.5534556245662285                      0                    0.5                 0.0001     0.8021800453729772                     60
      918.0000436026603     0.2358134221083317                      0                    0.5                 0.0001     0.7598473855762677                     60
      920.0000436976552      2.244483636965483                      0                    0.5                 0.0001     0.8447334688224979                     60
      922.0000437926501      -2.51265524299161                      1                    0.5                 0.0001      1.025177273178464                     60
       924.000043887645     0.7906895580787578                      0                    0.5                 0.0001     0.8418419227129027                     60
      926.0000439826399     0.1298890012168341                      2                    0.5                 0.0001      1.127334574994763                     60
      928.0000440776348     -1.035163317755179                      0                    0.5                 0.0001     0.8782969025928196                     60
      930.0000441726297      2.296012967784749                      0                    0.5                 0.0001     0.8294195073590508                     60
      932.0000442676246    -0.5772147084388668                      1                    0.5                 0.0001     0.9969779253494429                     60
      934.0000443626195      2.623290071626569                      2                    0.5                 0.0001      1.246487636760489                     60
      936.0000444576144     -2.758882151451215                      1                    0.5                 0.0001     0.9618299838814334                     60
      938.0000445526093      2.861978193732158                      0                    0.5                 0.0001     0.7333363231907636                     60
      940.0000446476042      3.126181105594101                      0                    0.5                 0.0001      0.718640347023806                     60
      942.0000447425991     -2.931960858373544                      0                    0.5                 0.0001     0.7270240423636558                     60
       944.000044837594      2.664518816634822                      2                    0.5                 0.0001      1.234698239436039                     60
      946.0000449325889      0.279190950235777                      0                    0.5                 0.0001     0.7573587702734464                     60
      948.0000450275838    -0.2518017388755434                      2                    0.5                 0.0001      1.132467627830134                     60
      950.0000451225787     -2.453127808320823                      1                    0.5                 0.0001      1.027652498831281                     60
      952.0000452175736      2.875028334867562                      2                    0.5                 0.0001       1.21911333874898                     60
      954.0000453125685     -1.584308989228758                      0                    0.5                 0.0001     0.9270129627792508                     60
      956.0000454075634     0.8560618106384217                      0                    0.5                 0.0001     0.8471542008840268                     60
      958.0000455025584      2.357505974505216                      2                    0.5                 0.0001       1.23033160494994                     60
      960.0000455975533      3.098744435597471                      2                    0.5                 0.0001      1.205468765388948                     60
      962.0000456925482      1.307321519428393                      1                    0.5                 0.0001      1.139760679332307                     60
      964.0000457875431     0.5005965819716298                      2                    0.5                 0.0001      1.151726459240505                     60
       966.000045882538    -0.6489844397720574                      0                    0.5                 0.0001       0.80712980336356                     60
      968.0000459775329      2.861255026787745                      0                    0.5                 0.0001     0.7245389600941903                     60
      970.0000460725278      2.910265407614865                      1                    0.5                 0.0001     0.9344991969231794                     60
      972.0000461675227     -3.009897494524503                      0                    0.5                 0.0001     0.7147049614359714                     60
      974.0000462625176     -1.932346690805394                      1                    0.5                 0.0001      1.134124636608869                     60
      976.0000463575125    -0.5198637832137014                      1                    0.5                 0.0001     0.9768253837223236                     60
      978.0000464525074    0.07617738438043542                      1                    0.5                 0.0001     0.9066658445898604                     60
      980.0000465475023       1.66408839980956                      0                    0.5                 0.0001     0.9233197419657612                     60
      982.0000466424972        -2.930954740072                      2                    0.5                 0.0001       1.20621886668704                     60
      984.0000467374921     0.6418948102163329                      0                    0.5                 0.0001     0.8013897350280329                     60
       986.000046832487     -1.468480524020043                      0                    0.5                 0.0001     0.9164819804131344                     60
      988.0000469274819     -2.083643341071739                      0                    0.5                 0.0001     0.8710066359321545                     60
      990.0000470224768      1.634864130244912                      0                    0.5                 0.0001     0.9184926619900686                     60
      992.0000471174717    -0.2637109408692875                      1                    0.5                 0.0001     0.9177195821395128                     60
      994.0000472124666     0.2863025412704818                      1                    0.5                 0.0001     0.9207284282383672                     60
      996.0000473074615    -0.4318116279034463                      1                    0.5                 0.0001     0.9403187806420289                     60
      998.0000474024564      0.460097133862412                      1                    0.5                 0.0001     0.9481766774303055                     60
      1000.000047497451     -1.560041142424726                      1                    0.5                 0.0001       1.14583731794064                     60
