#! FIELDS time theta lambda sigma_theta sigma_lambda height biasf
#! SET multivariate false
#! SET kerneltype gaussian
#! SET min_theta -pi
#! SET max_theta pi
      2.000000094994903     -2.927313191366344                      0                    0.5                 0.0001     0.5041944831713522                     60
      4.000000189989805      2.765295728079568                      0                    0.5                 0.0001     0.5033439699226085                     60
      6.000000284984708     -3.028551823028679                      0                    0.5                 0.0001      0.501469088037555                     60
       8.00000037997961     -3.044476839480965                      0                    0.5                 0.0001     0.4997601111986751                     60
      10.00000047497451     -3.117711091378922                      0                    0.5                 0.0001     0.4980517574395692                     60
      12.00000056996942      3.012997404754903                      0                    0.5                 0.0001     0.4967321110515219                     60
      14.00000066496432      3.062690116703049                      0                    0.5                 0.0001     0.4949075537823514                     60
      16.00000075995922     -2.979771106053605                      0                    0.5                 0.0001     0.4937298058311159                     60
      18.00000085495412      3.132785669292118                      0                    0.5                 0.0001     0.4916298826598358                     60
      20.00000094994903      2.852703541660583                      0                    0.5                 0.0001     0.4920745735162786                     60
      22.00000104494393     -3.098555356590411                      0                    0.5                 0.0001     0.4887233254021052                     60
      24.00000113993883      3.097382835312247                      0                    0.5                 0.0001     0.4870566151667027                     60
      26.00000123493373     -2.937930021927362                      0                    0.5                 0.0001     0.4869654728360875                     60
      28.00000132992864     -3.017130036177375                      0                    0.5                 0.0001     0.4845052901067289                     60
      30.00000142492354      2.805075161393261                      0                    0.5                 0.0001     0.4866021175442464                     60
      32.00000151991844     -2.810974432643017                      0                    0.5                 0.0001     0.4853718682480903                     60
      34.00000161491334      3.016330359505579                      0                    0.5                 0.0001     0.4806751258618361                     60
      36.00000170990825     -2.970225394585425                      0                    0.5                 0.0001     0.4796603029213432                     60
      38.00000180490315     -2.994500250447305                      0                    0.5                 0.0001     0.4777983202157321                     60
      40.00000189989805     -3.132556175667609                      0                    0.5                 0.0001     0.4755033385658875                     60
      42.00000199489295      2.973261184526654                      0                    0.5                 0.0001     0.4757388735005114                     60
      44.00000208988786      -3.05130284811207                      0                    0.5                 0.0001     0.4729070262174091                     60
      46.00000218488276      2.877145199423913                      0                    0.5                 0.0001      0.475167911786872                     60
      48.00000227987766     -3.072721279014528                      0                    0.5                 0.0001     0.4700434991268213                     60
      50.00000237487257     -3.104938239793563                      0                    0.5                 0.0001     0.4683738073918147                     60
      52.00000246986747     -2.994767510972189                      0                    0.5                 0.0001     0.4680741487557971                     60
      54.00000256486237     -2.972298184206058                      0                    0.5                 0.0001     0.4670203523179574                     60
      56.00000265985727      2.769694141434532                      0                    0.5                 0.0001     0.4731950833598346                     60
      58.00000275485218     -3.011471951550172                      0                    0.5                 0.0001     0.4639805494272051                     60
      60.00000284984708     -2.747293174468539                      0                    0.5                 0.0001     0.4709333568641138                     60
      62.00000294484198      2.986822567680465                      0                    0.5                 0.0001     0.4626565902706531                     60
      64.00000303983688      2.785890476366714                      0                    0.5                 0.0001     0.4682898112631697                     60
      66.00000313483179      2.735462383615398                      0                    0.5                 0.0001     0.4691150047709666                     60
      68.00000322982669      2.835114135695686                      0                    0.5                 0.0001     0.4633123155073192                     60
      70.00000332482159     -2.948435504355374                      0                    0.5                 0.0001     0.4589891255264358                     60
      72.00000341981649     -3.124951450930121                      0                    0.5                 0.0001     0.4545141150703379                     60
       74.0000035148114     -2.915493166126902                      0                    0.5                 0.0001     0.4573516555313442                     60
       76.0000036098063      3.084686401651341                      0                    0.5                 0.0001     0.4520954084370289                     60
       78.0000037048012     -2.978546744860922                      0                    0.5                 0.0001     0.4527552908330431                     60
       80.0000037997961      3.111427886414555                      0                    0.5                 0.0001     0.4492614094082486                     60
      82.00000389479101      2.758851710782168                      0                    0.5                 0.0001     0.4596778233246513                     60
      84.00000398978591     -2.589831965251694                      0                    0.5                 0.0001     0.4696105811108296                     60
      86.00000408478081     -2.971487934932709                      0                    0.5                 0.0001     0.4485015835924629                     60
      88.00000417977571     -3.098643122015211                      0                    0.5                 0.0001     0.4448592787566791                     60
      90.00000427477062      3.118238767855015                      0                    0.5                 0.0001     0.4435100274880795                     60
      92.00000436976552      2.925854646647995                      0                    0.5                 0.0001     0.4467377940541937                     60
      94.00000446476042     -2.912346083737842                      0                    0.5                 0.0001     0.4458196190849419                     60
      96.00000455975533      2.889792776903782                      0                    0.5                 0.0001     0.4460937336623089                     60
      98.00000465475023      2.936459333571396                      0                    0.5                 0.0001     0.4427440812190538                     60
      100.0000047497451     -2.741751261340166                      0                    0.5                 0.0001     0.4523901439079139                     60
        102.00000484474      2.983754084055984                      0                    0.5                 0.0001     0.4390499564491422                     60
      104.0000049397349     -2.915922121040042                      0                    0.5                 0.0001     0.4403462364540575                     60
      106.0000050347298      2.894908569259478                      0                    0.5                 0.0001     0.4404975755946028                     60
      108.0000051297247      2.772614556818519                      0                    0.5                 0.0001     0.4463105124458261                     60
      110.0000052247196     -3.035557135617264                      0                    0.5                 0.0001     0.4332408135368523                     60
      112.0000053197145      2.799561758106813                      0                    0.5                 0.0001     0.4423774375506895                     60
      114.0000054147094     -2.878884019098983                      0                    0.5                 0.0001     0.4375872416090172                     60
      116.0000055097044      2.908608114711249                      0                    0.5                 0.0001     0.4342093391728122                     60
      118.0000056046993      2.688920145419182                      0                    0.5                 0.0001     0.4471616616787965                     60
      120.0000056996942     -3.055069703396891                      0                    0.5                 0.0001     0.4277290798475848                     60
      122.0000057946891     -3.030221772456097                      0                    0.5                 0.0001     0.4271483084084909                     60
       124.000005889684      2.725139011348988                      0                    0.5                 0.0001     0.4415834871251163                     60
      126.0000059846789     -2.500979548966911                      0                    0.5                 0.0001     0.4624814060661699                     60
      128.0000060796738     -3.039747360016304                      0                    0.5                 0.0001     0.4241817441962175                     60
      130.0000061746687      2.623573879614828                      0                    0.5                 0.0001     0.4478123758796343                     60
      132.0000062696636     -3.085880130895223                      0                    0.5                 0.0001      0.421345908396767                     60
      134.0000063646585      2.860807015625121                      0                    0.5                 0.0001     0.4278188056681023                     60
      136.0000064596534     -2.827811440447777                      0                    0.5                 0.0001     0.4312499199450205                     60
      138.0000065546483     -3.128464792738659                      0                    0.5                 0.0001     0.4176200379160844                     60
      140.0000066496432      2.585909849820915                      0                    0.5                 0.0001      0.447080347564243                     60
      142.0000067446381     -3.111611973469751                      0                    0.5                 0.0001     0.4159657407911012                     60
       144.000006839633      2.886369897637657                      0                    0.5                 0.0001     0.4214014166290665                     60
      146.0000069346279      3.037004606508986                      0                    0.5                 0.0001      0.414326745371648                     60
      148.0000070296228      2.864837273970576                      0                    0.5                 0.0001     0.4203545302612524                     60
      150.0000071246177      2.348826108261715                      0                    0.5                 0.0001     0.4650227719480552                     60
      152.0000072196126      2.522616072975072                      0                    0.5                 0.0001     0.4470253697441376                     60
      154.0000073146075     -2.675095752004046                      0                    0.5                 0.0001      0.438841103146441                     60
      156.0000074096024     -3.083897191634719                      0                    0.5                 0.0001      0.410580317679242                     60
      158.0000075045973      3.125214715380963                      0                    0.5                 0.0001     0.4084510227213778                     60
      160.0000075995922      2.829882068191752                      0                    0.5                 0.0001     0.4173234300853568                     60
      162.0000076945871     -2.456850461569987                      0                    0.5                 0.0001     0.4577749150127326                     60
       164.000007789582     -2.400496527172777                      0                    0.5                 0.0001     0.4618494364007439                     60
      166.0000078845769     -2.705963578297287                      0                    0.5                 0.0001     0.4302516857922211                     60
      168.0000079795718       2.11840570130304                      0                    0.5                 0.0001     0.4800112092470943                     60
      170.0000080745667      2.943311810411794                      0                    0.5                 0.0001     0.4085180960938578                     60
      172.0000081695616    -0.4487412916605567                      0                    0.5                 0.0001     0.5041944831713522                     60
      174.0000082645565     0.4045026283525708                      0                    0.5                 0.0001     0.5037913759892476                     60
      176.0000083595514    -0.2461605798671989                      0                    0.5                 0.0001     0.5018918228655898                     60
      178.0000084545463     0.1345659114615074                      0                    0.5                 0.0001     0.5005908175581014                     60
      180.0000085495412    -0.2395811447913365                      0                    0.5                 0.0001     0.4989249806468078                     60
      182.0000086445361      0.233604393713879                      0                    0.5                 0.0001     0.4981254568794126                     60
       184.000008739531     0.1794853575474544                      0                    0.5                 0.0001     0.4961918017869167                     60
      186.0000088345259     0.2109037902294109                      0                    0.5                 0.0001     0.4946899871335507                     60
      188.0000089295208   0.008491174150950798                      0                    0.5                 0.0001     0.4926586729486055                     60
      190.0000090245157    -0.2009327606821683                      0                    0.5                 0.0001     0.4921265616350394                     60
      192.0000091195107     0.6089337018680645                      0                    0.5                 0.0001     0.4956924819063633                     60
      194.0000092145056     0.1517099372734618                      0                    0.5                 0.0001     0.4888886033445161                     60
      196.0000093095005    -0.1231821837060538                      0                    0.5                 0.0001     0.4879962835196346                     60
      198.0000094044954    -0.1638884875823585                      0                    0.5                 0.0001     0.4867955256075407                     60
      200.0000094994903     0.1713031188349046                      0                    0.5                 0.0001     0.4847578211367303                     60
      202.0000095944852    -0.0493053093136826                      0                    0.5                 0.0001     0.4828995589086794                     60
      204.0000096894801    -0.2195348579080241                      0                    0.5                 0.0001     0.4832245223841406                     60
       206.000009784475    -0.3975845422169608                      0                    0.5                 0.0001     0.4852969587397767                     60
      208.0000098794699    -0.2044879873357357                      0                    0.5                 0.0001     0.4799651876227362                     60
      210.0000099744648    -0.1406817992234961                      0                    0.5                 0.0001     0.4776772510168714                     60
      212.0000100694597     0.1669618950850644                      0                    0.5                 0.0001     0.4772845055847116                     60
      214.0000101644546     0.1981318159984546                      0                    0.5                 0.0001     0.4762858658690132                     60
      216.0000102594495     0.2354734427058425                      0                    0.5                 0.0001     0.4754913284131574                     60
      218.0000103544444   -0.06964082865906329                      0                    0.5                 0.0001     0.4717707715555897                     60
      220.0000104494393    -0.2642416565947454                      0                    0.5                 0.0001     0.4735120449093175                     60
      222.0000105444342     0.1424523975579879                      0                    0.5                 0.0001      0.469945194133475                     60
      224.0000106394291     0.2736197736098012                      0                    0.5                 0.0001     0.4713453402510157                     60
       226.000010734424    -0.2658124206823924                      0                    0.5                 0.0001     0.4701438577053372                     60
      228.0000108294189     -0.603977997440047                      0                    0.5                 0.0001     0.4815569117877361                     60
      230.0000109244138     0.4472773915429729                      0                    0.5                 0.0001     0.4749512436270437                     60
      232.0000110194087   -0.06941724410479777                      0                    0.5                 0.0001     0.4632832667608469                     60
      234.0000111144036     0.1366359678015918                      0                    0.5                 0.0001      0.462822200713037                     60
      236.0000112093985    -0.3078413182203894                      0                    0.5                 0.0001     0.4658953555824311                     60
      238.0000113043934    -0.2926400543876269                      0                    0.5                 0.0001     0.4639249792148396                     60
      240.0000113993883    -0.6206981017608442                      0                    0.5                 0.0001      0.476827888347689                     60
      242.0000114943832     0.3826883459580053                      0                    0.5                 0.0001     0.4673153460297699                     60
      244.0000115893781     0.3163258566086835                      0                    0.5                 0.0001     0.4631075500436453                     60
       246.000011684373     0.4370810140962282                      0                    0.5                 0.0001     0.4668883499115009                     60
      248.0000117793679     0.2710963574887657                      0                    0.5                 0.0001     0.4586415818466704                     60
      250.0000118743628    -0.6548266178303486                      0                    0.5                 0.0001     0.4761652067648068                     60
      252.0000119693577   0.001604877743707434                      0                    0.5                 0.0001     0.4521086963537033                     60
      254.0000120643526   -0.04692215436615976                      0                    0.5                 0.0001     0.4508930289516073                     60
      256.0000121593475     0.1563058501651629                      0                    0.5                 0.0001      0.451188799979126                     60
      258.0000122543424     0.5926319541342124                      0                    0.5                 0.0001      0.469622010696056                     60
      260.0000123493373    -0.0984176346511294                      0                    0.5                 0.0001     0.4483174149873436                     60
      262.0000124443322    -0.1197216337238283                      0                    0.5                 0.0001     0.4473552195720947                     60
      264.0000125393271     0.2665728528318194                      0                    0.5                 0.0001     0.4499225070342823                     60
       266.000012634322    -0.1602753181129186                      0                    0.5                 0.0001     0.4459917335148114                     60
      268.0000127293169    -0.3259788187919654                      0                    0.5                 0.0001     0.4509877998294346                     60
      270.0000128243119     0.2319174415084051                      0                    0.5                 0.0001     0.4456087289600928                     60
      272.0000129193068    -0.2536520226049661                      0                    0.5                 0.0001     0.4456203829932202                     60
      274.0000130143017    -0.7216808286180028                      0                    0.5                 0.0001     0.4721059922598331                     60
      276.0000131092966     0.1745217211690395                      0                    0.5                 0.0001     0.4412260154196515                     60
      278.0000132042915    0.08254171218675221                      0                    0.5                 0.0001     0.4378271355528203                     60
      280.0000132992864    -0.5833176019772721                      0                    0.5                 0.0001     0.4606075117280922                     60
      282.0000133942813   -0.03483291140914746                      0                    0.5                 0.0001     0.4352817677423897                     60
      284.0000134892762     0.5377461082104764                      0                    0.5                 0.0001     0.4573755970076384                     60
      286.0000135842711    -0.5384534929939275                      0                    0.5                 0.0001     0.4552391038700648                     60
       288.000013679266     0.2536177485997264                      0                    0.5                 0.0001     0.4386007470530937                     60
      290.0000137742609    -0.2393279387135729                      0                    0.5                 0.0001     0.4362683387486205                     60
      292.0000138692558     0.8916349107696684                      0                    0.5                 0.0001     0.4795724201495536                     60
      294.0000139642507     0.3880897141913158                      0                    0.5                 0.0001     0.4430807763592243                     60
      296.0000140592456    -0.3176337178018875                      0                    0.5                 0.0001     0.4380229736043971                     60
      298.0000141542405    -0.5434950495956214                      0                    0.5                 0.0001     0.4512457909759234                     60
      300.0000142492354    -0.2527246879314156                      0                    0.5                 0.0001      0.432490486953427                     60
      302.0000143442303     0.5296170463941188                      0                    0.5                 0.0001     0.4504376204746853                     60
      304.0000144392252      -2.52856025287081                      0                    0.5                 0.0001      0.446248893180296                     60
      306.0000145342201     -2.644261425580317                      0                    0.5                 0.0001      0.433210192296588                     60
       308.000014629215     -3.005761499642821                      0                    0.5                 0.0001     0.4052135352203808                     60
      310.0000147242099      2.932084206041916                      0                    0.5                 0.0001     0.4062814866499569                     60
      312.0000148192048      -2.47090637208365                      0                    0.5                 0.0001     0.4485835373344744                     60
      314.0000149141997     -2.672183510539643                      1                    0.5                 0.0001     0.5041944831713522                     60
      316.0000150091946      2.609187993786101                      0                    0.5                 0.0001     0.4309467498000837                     60
      318.0000151041895     -3.005576687519119                      0                    0.5                 0.0001      0.402085192022874                     60
      320.0000151991844      -2.54925437558971                      0                    0.5                 0.0001     0.4382127788896227                     60
      322.0000152941793      2.627908384250595                      0                    0.5                 0.0001     0.4272182067163184                     60
      324.0000153891742     -3.074875736004612                      0                    0.5                 0.0001     0.3976330689351781                     60
      326.0000154841691     -2.617445615743843                      0                    0.5                 0.0001     0.4289309762837211                     60
       328.000015579164     -2.932836361258718                      0                    0.5                 0.0001     0.4012132292910131                     60
      330.0000156741589     -2.505924080832492                      0                    0.5                 0.0001     0.4387224831090312                     60
      332.0000157691538      2.847535291297925                      0                    0.5                 0.0001     0.4048552373496335                     60
      334.0000158641487     0.6062780184868526                      0                    0.5                 0.0001     0.4548826456104253                     60
      336.0000159591436     0.3964606946430376                      0                    0.5                 0.0001     0.4385078119531605                     60
      338.0000160541385    -0.6935531227613305                      0                    0.5                 0.0001     0.4598676325830453                     60
      340.0000161491334     0.5227610532818083                      0                    0.5                 0.0001     0.4458667229292607                     60
      342.0000162441283    -0.1792405675457003                      1                    0.5                 0.0001     0.5041944831713522                     60
      344.0000163391232     0.2647058150938104                      0                    0.5                 0.0001     0.4286423363465501                     60
      346.0000164341182    -0.5984844074054179                      0                    0.5                 0.0001     0.4507293788876195                     60
      348.0000165291131    -0.4206218130058659                      0                    0.5                 0.0001     0.4364208551435952                     60
       350.000016624108    -0.6232104749433254                      0                    0.5                 0.0001     0.4500697690076735                     60
      352.0000167191029    0.07469132223819663                      1                    0.5                 0.0001     0.5026936260996158                     60
      354.0000168140978    -0.3753260816100545                      0                    0.5                 0.0001     0.4311124098999667                     60
      356.0000169090927    -0.1875982754867116                      0                    0.5                 0.0001     0.4212397794801669                     60
      358.0000170040876    -0.1831204041137879                      0                    0.5                 0.0001     0.4199111555000156                     60
      360.0000170990825     0.2364834914444982                      0                    0.5                 0.0001     0.4227963159302398                     60
      362.0000171940774     0.4260693082501046                      0                    0.5                 0.0001     0.4332588469719378                     60
      364.0000172890723    0.05429410933097856                      0                    0.5                 0.0001     0.4149136942356328                     60
      366.0000173840672     0.3891015961406179                      0                    0.5                 0.0001     0.4284164806732194                     60
      368.0000174790621      2.238972689195244                      0                    0.5                 0.0001     0.4647608393798228                     60
       370.000017574057    -0.7197024367185212                      0                    0.5                 0.0001     0.4530746807612648                     60
      372.0000176690519     0.2631163007663009                      0                    0.5                 0.0001     0.4193229430935501                     60
      374.0000177640468     0.1022178587677711                      1                    0.5                 0.0001     0.5010426193832499                     60
      376.0000178590417    -0.9630620410202737                      0                    0.5                 0.0001     0.4715560585157413                     60
      378.0000179540366     0.2704105749379915                      0                    0.5                 0.0001     0.4184605281732329                     60
      380.0000180490315    -0.2466986185384905                      0                    0.5                 0.0001      0.415565224467509                     60
      382.0000181440264    -0.3462281336797983                      0                    0.5                 0.0001     0.4197586533695485                     60
      384.0000182390213      3.096041150827131                      0                    0.5                 0.0001     0.3926582477821433                     60
      386.0000183340162     -3.108647110085398                      0                    0.5                 0.0001     0.3916364176240927                     60
      388.0000184290111    0.09523786328062123                      0                    0.5                 0.0001     0.4091051795206075                     60
       390.000018524006      0.861944592402395                      0                    0.5                 0.0001     0.4647741574011536                     60
      392.0000186190009      2.630388308997808                      0                    0.5                 0.0001      0.421157471853941                     60
      394.0000187139958      1.895742697079184                      0                    0.5                 0.0001     0.4867088368389911                     60
      396.0000188089907     -3.081693242509516                      1                    0.5                 0.0001     0.5029732258339188                     60
      398.0000189039856      2.916042602418397                      1                    0.5                 0.0001     0.5020986508562876                     60
      400.0000189989805      2.356306344322679                      0                    0.5                 0.0001     0.4489473946821633                     60
      402.0000190939754     -2.769104448905668                      0                    0.5                 0.0001     0.4084666438125992                     60
      404.0000191889703     0.4575453118745862                      0                    0.5                 0.0001      0.427198540911471                     60
      406.0000192839652    -0.4058948896007508                      1                    0.5                 0.0001     0.5005763363618977                     60
      408.0000193789601    0.02235764806801566                      1                    0.5                 0.0001     0.4981052703063493                     60
       410.000019473955    0.05052152658463882                      1                    0.5                 0.0001     0.4965158356420851                     60
      412.0000195689499     0.5634175134802266                      0                    0.5                 0.0001     0.4350078977043066                     60
      414.0000196639448   -0.01454028234219429                      0                    0.5                 0.0001     0.4051386027492972                     60
      416.0000197589397     -2.127216017843623                      0                    0.5                 0.0001     0.4734061196380542                     60
      418.0000198539346     -2.451196084371052                      0                    0.5                 0.0001     0.4400417732443024                     60
      420.0000199489295     -2.738140488381979                      0                    0.5                 0.0001     0.4085817368258821                     60
      422.0000200439245     -3.098046768872209                      0                    0.5                 0.0001     0.3874246913911398                     60
      424.0000201389194      2.853914091506896                      0                    0.5                 0.0001     0.3970003649193993                     60
      426.0000202339143      2.566814898597408                      0                    0.5                 0.0001     0.4231314427269127                     60
      428.0000203289092     -3.105923488895822                      0                    0.5                 0.0001     0.3849749987976399                     60
      430.0000204239041     -2.504348464020745                      0                    0.5                 0.0001     0.4304528968632857                     60
       432.000020518899      2.756289316529323                      0                    0.5                 0.0001      0.401932878241031                     60
      434.0000206138939      2.942761596756669                      0                    0.5                 0.0001     0.3874372649712127                     60
      436.0000207088888     -1.817046575722797                      0                    0.5                 0.0001     0.4881768856466882                     60
      438.0000208038837      -0.97689956362774                      0                    0.5                 0.0001     0.4690921777085961                     60
      440.0000208988786     0.3098814014469724                      0                    0.5                 0.0001     0.4134415045783497                     60
      442.0000209938735     0.1914084237784319                      0                    0.5                 0.0001     0.4064246035292993                     60
      444.0000210888684     0.3871424975369226                      1                    0.5                 0.0001     0.4973739626513434                     60
      446.0000211838633     -0.070590614768967                      0                    0.5                 0.0001     0.4025520755410859                     60
      448.0000212788582    0.07126706185820364                      0                    0.5                 0.0001     0.4011905949810448                     60
      450.0000213738531     0.1738375773079515                      0                    0.5                 0.0001     0.4026401241369555                     60
       452.000021468848    -0.4152100207248699                      0                    0.5                 0.0001       0.41724040384186                     60
      454.0000215638429      0.322283302376551                      1                    0.5                 0.0001     0.4950689333675767                     60
      456.0000216588378      2.886506861631239                      0                    0.5                 0.0001     0.3896711858369784                     60
      458.0000217538327     -2.999613662520103                      0                    0.5                 0.0001     0.3838995105032112                     60
      460.0000218488276      2.708930523678899                      1                    0.5                 0.0001     0.5012542732933959                     60
      462.0000219438225     -2.319776797741241                      0                    0.5                 0.0001     0.4481890285202589                     60
      464.0000220388174     -2.312059167894195                      0                    0.5                 0.0001     0.4476667384990438                     60
      466.0000221338123     -2.848828831522281                      0                    0.5                 0.0001     0.3907003497400325                     60
      468.0000222288072     -3.021823159227913                      1                    0.5                 0.0001     0.4989245224841206                     60
      470.0000223238021      2.192349373247351                      0                    0.5                 0.0001     0.4599265861138289                     60
       472.000022418797       2.05280676889268                      0                    0.5                 0.0001      0.470816635225947                     60
      474.0000225137919     -2.545728713497089                      0                    0.5                 0.0001     0.4193358759195016                     60
      476.0000226087868     -2.993607663838919                      1                    0.5                 0.0001     0.4973274809017149                     60
      478.0000227037817      2.254778025729166                      0                    0.5                 0.0001     0.4508729315698731                     60
      480.0000227987766    0.05277811292123147                      1                    0.5                 0.0001     0.4921258546709544                     60
      482.0000228937715    -0.5827278350777205                      0                    0.5                 0.0001     0.4305473619217518                     60
      484.0000229887664     0.6689338882005877                      0                    0.5                 0.0001     0.4392555885281633                     60
      486.0000230837613   -0.08875879378261997                      0                    0.5                 0.0001     0.3978499099661132                     60
      488.0000231787562    -0.6488375103681974                      0                    0.5                 0.0001      0.434824296940869                     60
      490.0000232737511    0.06788502157845411                      0                    0.5                 0.0001     0.3958152727818645                     60
       492.000023368746      2.269895452665678                      0                    0.5                 0.0001     0.4479365273963353                     60
      494.0000234637409      2.907448079735154                      1                    0.5                 0.0001     0.4963355255657019                     60
      496.0000235587358      2.875777978060977                      0                    0.5                 0.0001     0.3857368230817341                     60
      498.0000236537308     -0.885388054713486                      0                    0.5                 0.0001     0.4557738733258062                     60
      500.0000237487257     0.7696055114531397                      0                    0.5                 0.0001     0.4473062772696709                     60
      502.0000238437206      0.936381328270512                      0                    0.5                 0.0001     0.4619770643085226                     60
      504.0000239387155     0.3022546059752393                      0                    0.5                 0.0001     0.4028817585371222                     60
      506.0000240337104     0.2732927817604391                      1                    0.5                 0.0001     0.4915246184792023                     60
      508.0000241287053   -0.03672357066742693                      1                    0.5                 0.0001     0.4893552798941481                     60
      510.0000242237002    -0.1636312740602581                      1                    0.5                 0.0001     0.4888718801217686                     60
      512.0000243186951     -2.156327666516356                      0                    0.5                 0.0001     0.4601927550450284                     60
        514.00002441369      2.133019199288442                      0                    0.5                 0.0001     0.4593690602223404                     60
      516.0000245086849      1.946685376146335                      0                    0.5                 0.0001     0.4725642247205835                     60
      518.0000246036798      2.860689374376856                      0                    0.5                 0.0001     0.3850542195752453                     60
      520.0000246986747      3.089175044688572                      0                    0.5                 0.0001     0.3750557166771425                     60
      522.0000247936696      3.122917005589806                      0                    0.5                 0.0001     0.3739187793906062                     60
      524.0000248886645    0.02138822842770693                      1                    0.5                 0.0001     0.4860088093454557                     60
      526.0000249836594   -0.06260405209585995                      1                    0.5                 0.0001     0.4847783053328804                     60
      528.0000250786543     0.2507598247418876                      1                    0.5                 0.0001     0.4844745765155142                     60
      530.0000251736492     0.8668994046992333                      1                    0.5                 0.0001     0.4968888560821061                     60
      532.0000252686441    -0.2502080471961738                      0                    0.5                 0.0001     0.3997772082247431                     60
       534.000025363639  -0.004987430833656159                      0                    0.5                 0.0001     0.3916236015248571                     60
      536.0000254586339     -2.749971791664322                      0                    0.5                 0.0001     0.3939217378374348                     60
      538.0000255536288      1.063501255425636                      0                    0.5                 0.0001     0.4698472972534273                     60
      540.0000256486237      1.917311870536478                      0                    0.5                 0.0001     0.4722272702707201                     60
      542.0000257436186     -3.044228585600373                      1                    0.5                 0.0001     0.4942255139232257                     60
      544.0000258386135      -3.06062315635014                      0                    0.5                 0.0001     0.3733714001046876                     60
      546.0000259336084     -2.423946737803712                      0                    0.5                 0.0001     0.4284395688975809                     60
      548.0000260286033    0.05952208099055412                      0                    0.5                 0.0001     0.3907401237411225                     60
      550.0000261235982      3.058809431733283                      1                    0.5                 0.0001     0.4925445157003098                     60
      552.0000262185931      2.778482672453286                      0                    0.5                 0.0001     0.3872315111230582                     60
       554.000026313588     -2.274112939170116                      0                    0.5                 0.0001     0.4442316927407454                     60
      556.0000264085829   -0.08500435246864058                      0                    0.5                 0.0001     0.3904412949147141                     60
      558.0000265035778    -0.4546240168267262                      0                    0.5                 0.0001      0.410802878696607                     60
      560.0000265985727      2.944326392404814                      1                    0.5                 0.0001     0.4915094688082497                     60
      562.0000266935676     0.1420216668498071                      1                    0.5                 0.0001     0.4811713686684943                     60
      564.0000267885625    -0.2308515564171554                      0                    0.5                 0.0001      0.393852212312008                     60
      566.0000268835574    -0.1603385003260507                      1                    0.5                 0.0001     0.4815686606562215                     60
      568.0000269785523     0.3242519461815032                      1                    0.5                 0.0001      0.480778856749807                     60
      570.0000270735472     0.7293154598481806                      0                    0.5                 0.0001     0.4368863321215737                     60
      572.0000271685421    -0.1529800455596413                      1                    0.5                 0.0001     0.4789029641721695                     60
       574.000027263537      0.431393118638713                      1                    0.5                 0.0001     0.4808346410468435                     60
       576.000027358532    -0.5414001226154683                      0                    0.5                 0.0001     0.4166627695671925                     60
      578.0000274535269      -1.78535896638623                      0                    0.5                 0.0001     0.4814020374695916                     60
      580.0000275485218      2.473228897152035                      0                    0.5                 0.0001     0.4178294270668355                     60
      582.0000276435167    -0.4703399686993825                      0                    0.5                 0.0001     0.4088379579468034                     60
      584.0000277385116    -0.9770263363230636                      0                    0.5                 0.0001     0.4579625490275849                     60
      586.0000278335065     0.6014904737747013                      0                    0.5                 0.0001     0.4221661919539735                     60
      588.0000279285014     0.3529725955503142                      0                    0.5                 0.0001     0.3984315544176307                     60
      590.0000280234963     0.7123247954311314                      0                    0.5                 0.0001     0.4316120623204939                     60
      592.0000281184912    -0.2382183973727048                      1                    0.5                 0.0001     0.4785631911764843                     60
      594.0000282134861    -0.2418074474066696                      1                    0.5                 0.0001      0.477118142104002                     60
       596.000028308481     -2.513971631619123                      0                    0.5                 0.0001     0.4148658381635645                     60
      598.0000284034759      2.949543806422657                      1                    0.5                 0.0001     0.4898494901520678                     60
      600.0000284984708     0.2975998093260603                      0                    0.5                 0.0001     0.3927115186789084                     60
      602.0000285934657     -3.125877909421817                      1                    0.5                 0.0001     0.4878705005299399                     60
      604.0000286884606       2.41429097738923                      0                    0.5                 0.0001     0.4232802150943172                     60
      606.0000287834555      2.714786054943851                      0                    0.5                 0.0001     0.3899173558130378                     60
      608.0000288784504      -2.28016354889703                      0                    0.5                 0.0001     0.4401556585116176                     60
      610.0000289734453     -2.365841989527274                      0                    0.5                 0.0001     0.4293670927009093                     60
      612.0000290684402       3.08758471662949                      0                    0.5                 0.0001     0.3676758732019814                     60
      614.0000291634351      2.125328626893804                      0                    0.5                 0.0001     0.4514963551804196                     60
        616.00002925843     0.6418739769689914                      0                    0.5                 0.0001     0.4220562964437993                     60
      618.0000293534249     -1.220367280483439                      0                    0.5                 0.0001     0.4743184549030691                     60
      620.0000294484198     -3.045171871779975                      0                    0.5                 0.0001     0.3678630253840887                     60
      622.0000295434147      3.049362777496859                      1                    0.5                 0.0001     0.4862202049006253                     60
      624.0000296384096     -1.156846332158207                      0                    0.5                 0.0001     0.4689793622843906                     60
      626.0000297334045      1.103760818834299                      0                    0.5                 0.0001     0.4657967594576128                     60
      628.0000298283994    -0.1192880419161138                      0                    0.5                 0.0001     0.3835747255008634                     60
      630.0000299233943     0.1648579520289974                      1                    0.5                 0.0001      0.472251377910782                     60
      632.0000300183892       1.02353610222516                      0                    0.5                 0.0001     0.4578897302475926                     60
      634.0000301133841      1.327028237460871                      0                    0.5                 0.0001     0.4754221766345651                     60
       636.000030208379      2.102583391912934                      0                    0.5                 0.0001     0.4513632400263073                     60
      638.0000303033739    -0.4523947333914262                      0                    0.5                 0.0001      0.402736725835565                     60
      640.0000303983688      2.419208545548004                      0                    0.5                 0.0001      0.417574670504463                     60
      642.0000304933637    0.03960258350781398                      1                    0.5                 0.0001     0.4701454319817511                     60
      644.0000305883586     -1.153306953304049                      1                    0.5                 0.0001       0.50091725055896                     60
      646.0000306833535    -0.7128162399271236                      0                    0.5                 0.0001     0.4268718580306913                     60
      648.0000307783484     -0.436512391051421                      0                    0.5                 0.0001     0.3993058814953255                     60
      650.0000308733433     0.1254945087317978                      0                    0.5                 0.0001     0.3804924967848943                     60
      652.0000309683383      1.035826183708617                      0                    0.5                 0.0001     0.4558578225652186                     60
      654.0000310633332      0.182732385843055                      1                    0.5                 0.0001     0.4694973828053347                     60
      656.0000311583281     -2.099842074098097                      0                    0.5                 0.0001     0.4548331291317014                     60
       658.000031253323      2.545032003632131                      0                    0.5                 0.0001     0.4025267965340636                     60
      660.0000313483179     -2.587188544463412                      1                    0.5                 0.0001     0.4933792979947693                     60
      662.0000314433128      3.071696182282187                      1                    0.5                 0.0001     0.4838521191758288                     60
      664.0000315383077     -3.136224892845298                      1                    0.5                 0.0001     0.4822460903699018                     60
      666.0000316333026    -0.7488961503194989                      1                    0.5                 0.0001     0.4901487140480371                     60
      668.0000317282975     -3.014898178676641                      0                    0.5                 0.0001      0.367042541279085                     60
      670.0000318232924      3.088392528522026                      0                    0.5                 0.0001     0.3636458228290732                     60
      672.0000319182873     -2.829930993925062                      0                    0.5                 0.0001     0.3762591797707128                     60
      674.0000320132822      2.585626044349903                      1                    0.5                 0.0001     0.4893983968019791                     60
      676.0000321082771      2.199494613880304                      0                    0.5                 0.0001     0.4384069632517402                     60
       678.000032203272     0.7185158894256709                      0                    0.5                 0.0001     0.4241461837704457                     60
      680.0000322982669    -0.2662078420645302                      1                    0.5                 0.0001      0.471649030117307                     60
      682.0000323932618      3.017605688143403                      1                    0.5                 0.0001     0.4799444944293662                     60
      684.0000324882567     -2.242480764287261                      0                    0.5                 0.0001     0.4384652594634228                     60
      686.0000325832516     0.8529319832528337                      0                    0.5                 0.0001     0.4365414912182866                     60
      688.0000326782465     0.2129535731301146                      0                    0.5                 0.0001     0.3813057438870502                     60
      690.0000327732414     0.4015913214002182                      0                    0.5                 0.0001     0.3916521477644563                     60
      692.0000328682363     0.7259394817991627                      0                    0.5                 0.0001     0.4209541213881717                     60
      694.0000329632312    -0.3089534391195099                      0                    0.5                 0.0001     0.3868586484612823                     60
      696.0000330582261    0.06858685916128948                      1                    0.5                 0.0001      0.465554177847153                     60
       698.000033153221   -0.05848618835325281                      1                    0.5                 0.0001     0.4645243400972514                     60
      700.0000332482159    -0.4009094445361492                      0                    0.5                 0.0001      0.392769719238444                     60
      702.0000333432108     -1.658210883143471                      0                    0.5                 0.0001     0.4773839665659522                     60
      704.0000334382057    -0.3150487850093291                      0                    0.5                 0.0001     0.3852320625473914                     60
      706.0000335332006     -2.678298948210472                      1                    0.5                 0.0001     0.4869083370366347                     60
      708.0000336281955      2.819530763746141                      1                    0.5                 0.0001     0.4804992689762703                     60
      710.0000337231904     -2.846330421736432                      0                    0.5                 0.0001     0.3733854999436418                     60
      712.0000338181853     -2.468625427896026                      0                    0.5                 0.0001     0.4104717409455372                     60
      714.0000339131802      2.663205592472961                      0                    0.5                 0.0001     0.3867156272912834                     60
      716.0000340081751     -2.856588421206498                      1                    0.5                 0.0001     0.4801855151744507                     60
        718.00003410317     -2.866833035155254                      1                    0.5                 0.0001     0.4784031287134439                     60
      720.0000341981649     -2.043555897373445                      0                    0.5                 0.0001     0.4541398389301237                     60
      722.0000342931598    -0.9660125633705694                      0                    0.5                 0.0001     0.4472541708179821                     60
      724.0000343881547     0.3107496402904628                      0                    0.5                 0.0001     0.3823134716648421                     60
      726.0000344831496     -1.060552604838932                      0                    0.5                 0.0001     0.4542413028855017                     60
      728.0000345781446      1.713113010833265                      0                    0.5                 0.0001      0.470661317059519                     60
      730.0000346731395      2.321695966441428                      0                    0.5                 0.0001     0.4225642487774572                     60
      732.0000347681344      2.775693427592453                      0                    0.5                 0.0001     0.3745549979587317                     60
      734.0000348631293      2.436988527207661                      0                    0.5                 0.0001     0.4078452558079171                     60
      736.0000349581242    -0.4912843471137762                      0                    0.5                 0.0001     0.3969450313863671                     60
      738.0000350531191      0.284093407720488                      0                    0.5                 0.0001      0.379378591085606                     60
       740.000035148114      1.016587462107569                      0                    0.5                 0.0001      0.446966819917791                     60
      742.0000352431089      1.372413255863522                      0                    0.5                 0.0001      0.467920571833262                     60
      744.0000353381038     -1.978131226089349                      0                    0.5                 0.0001     0.4575572514351245                     60
      746.0000354330987     -2.191738830936616                      0                    0.5                 0.0001     0.4374229359676444                     60
      748.0000355280936     -2.574274277721919                      0                    0.5                 0.0001     0.3948542414315636                     60
      750.0000356230885    -0.7713915251175996                      0                    0.5                 0.0001     0.4239225265728559                     60
      752.0000357180834     -2.501691522784639                      0                    0.5                 0.0001      0.401686180171248                     60
      754.0000358130783      2.413362553306373                      0                    0.5                 0.0001     0.4091251669089897                     60
      756.0000359080732      2.564930844814988                      1                    0.5                 0.0001      0.484999023621353                     60
      758.0000360030681      -2.26046425775659                      0                    0.5                 0.0001     0.4271362168480689                     60
       760.000036098063      2.270261760994783                      0                    0.5                 0.0001      0.423654654644084                     60
      762.0000361930579      -3.07557976456755                      1                    0.5                 0.0001     0.4730244665004555                     60
      764.0000362880528    -0.8680270264464371                      1                    0.5                 0.0001     0.4906203190164763                     60
      766.0000363830477     0.1800430801624113                      0                    0.5                 0.0001     0.3729022870627383                     60
      768.0000364780426     0.2930247370141483                      1                    0.5                 0.0001     0.4666126867222901                     60
      770.0000365730375     -1.883603950843644                      0                    0.5                 0.0001     0.4592153193163392                     60
      772.0000366680324     0.5471326000122332                      0                    0.5                 0.0001     0.3974299508832466                     60
      774.0000367630273      0.767500420981869                      1                    0.5                 0.0001     0.4848210916206125                     60
      776.0000368580222      2.646891964414514                      1                    0.5                 0.0001     0.4800042612560331                     60
      778.0000369530171     -2.986985181029767                      0                    0.5                 0.0001     0.3595479103130572                     60
       780.000037048012     0.9430463816943284                      0                    0.5                 0.0001     0.4366019875297996                     60
      782.0000371430069      0.709075990929847                      0                    0.5                 0.0001     0.4115599760477377                     60
      784.0000372380018   -0.09803331501285228                      0                    0.5                 0.0001     0.3693265788643361                     60
      786.0000373329967     -1.218181693992757                      0                    0.5                 0.0001     0.4612251587370807                     60
      788.0000374279916      1.500912800939824                      0                    0.5                 0.0001      0.466931825145367                     60
      790.0000375229865     -2.358635001222193                      0                    0.5                 0.0001     0.4139126146890212                     60
      792.0000376179814      -2.77998032301064                      0                    0.5                 0.0001      0.370581248215057                     60
      794.0000377129763      1.422981055658126                      0                    0.5                 0.0001     0.4641920798027503                     60
      796.0000378079712   -0.06961809176278377                      1                    0.5                 0.0001     0.4612891366631937                     60
      798.0000379029661     0.6810660891502769                      1                    0.5                 0.0001     0.4790378399291821                     60
       800.000037997961    -0.2940164741900544                      1                    0.5                 0.0001      0.465321325415017                     60
      802.0000380929559     -1.295903163901713                      0                    0.5                 0.0001     0.4635837231804719                     60
      804.0000381879508    -0.3454314669109655                      0                    0.5                 0.0001     0.3805523600539202                     60
      806.0000382829458     -2.263678442940037                      0                    0.5                 0.0001     0.4220963287500996                     60
      808.0000383779407     -2.616568021829159                      0                    0.5                 0.0001     0.3835274959941302                     60
      810.0000384729356      -3.12552172608303                      1                    0.5                 0.0001     0.4703029832617426                     60
      812.0000385679305     -3.028016346747068                      1                    0.5                 0.0001     0.4698447003843825                     60
      814.0000386629254     -2.394116317588135                      0                    0.5                 0.0001     0.4059707407398534                     60
      816.0000387579203      3.000644653770563                      1                    0.5                 0.0001     0.4678183418303118                     60
      818.0000388529152      2.835473592715299                      0                    0.5                 0.0001     0.3650842840613011                     60
      820.0000389479101      2.970613956387012                      0                    0.5                 0.0001     0.3564914894101471                     60
       822.000039042905     -2.381358315668556                      0                    0.5                 0.0001     0.4059761325834341                     60
      824.0000391378999      2.483868225304275                      0                    0.5                 0.0001     0.3969681139418631                     60
      826.0000392328948       2.50595042331878                      0                    0.5                 0.0001     0.3934781017675404                     60
      828.0000393278897     -2.515474169651846                      1                    0.5                 0.0001     0.4838575546770016                     60
      830.0000394228846      2.201948336829321                      0                    0.5                 0.0001      0.425749218229958                     60
      832.0000395178795      2.127147755710142                      0                    0.5                 0.0001     0.4319784433422832                     60
      834.0000396128744     -3.116741673047686                      1                    0.5                 0.0001     0.4652906858132635                     60
      836.0000397078693      2.737764208575468                      0                    0.5                 0.0001     0.3682039875073314                     60
      838.0000398028642     -2.714424312271353                      1                    0.5                 0.0001     0.4735921504215034                     60
      840.0000398978591     -2.718116366972304                      1                    0.5                 0.0001     0.4719460992403212                     60
       842.000039992854     0.4050078863673452                      1                    0.5                 0.0001     0.4651004762895069                     60
      844.0000400878489  0.0003563550198668608                      0                    0.5                 0.0001     0.3660033562630949                     60
      846.0000401828438    -0.2015783415914187                      0                    0.5                 0.0001     0.3702299933384817                     60
      848.0000402778387      2.297501930382089                      0                    0.5                 0.0001     0.4125726931360816                     60
      850.0000403728336    -0.8566299919912592                      0                    0.5                 0.0001     0.4275082017658397                     60
      852.0000404678285     0.9224036413234771                      0                    0.5                 0.0001     0.4301006737561728                     60
      854.0000405628234    -0.8165114196063299                      0                    0.5                 0.0001     0.4221644289091117                     60
      856.0000406578183    -0.1310912689087882                      1                    0.5                 0.0001     0.4583378395088676                     60
      858.0000407528132      -0.85431518505133                      0                    0.5                 0.0001     0.4248397656939606                     60
      860.0000408478081    -0.7704250827406813                      0                    0.5                 0.0001     0.4150247183608792                     60
       862.000040942803     0.6584389068660617                      0                    0.5                 0.0001     0.4023628045330693                     60
      864.0000410377979      2.492377997145252                      0                    0.5                 0.0001     0.3902284074075282                     60
      866.0000411327928    -0.6199288021498202                      0                    0.5                 0.0001     0.3985310360363949                     60
      868.0000412277877    -0.3631885924006246                      1                    0.5                 0.0001     0.4647810303539773                     60
      870.0000413227826    -0.8995979951576678                      0                    0.5                 0.0001     0.4260240467489609                     60
      872.0000414177775      1.885439225391802                      0                    0.5                 0.0001     0.4484598472935195                     60
      874.0000415127724      2.087478141692917                      0                    0.5                 0.0001     0.4307706682961826                     60
      876.0000416077673     -3.079489175798523                      0                    0.5                 0.0001      0.349808122690921                     60
      878.0000417027622    -0.8457727995783832                      0                    0.5                 0.0001     0.4193667017150208                     60
      880.0000417977571     0.8701579725373776                      0                    0.5                 0.0001     0.4224737893193725                     60
      882.0000418927521     -1.304112925395251                      0                    0.5                 0.0001     0.4560944501656513                     60
       884.000041987747    -0.6139036538865144                      0                    0.5                 0.0001     0.3944246098258811                     60
      886.0000420827419      2.911252773859508                      1                    0.5                 0.0001     0.4648453200225517                     60
      888.0000421777368      2.645824311168989                      0                    0.5                 0.0001     0.3723549509151047                     60
      890.0000422727317     -2.388160535274556                      0                    0.5                 0.0001     0.4033932565489983                     60
      892.0000423677266     -3.134719208777602                      0                    0.5                 0.0001     0.3474546279375423                     60
      894.0000424627215     -2.366763703208294                      0                    0.5                 0.0001     0.4043604944696612                     60
      896.0000425577164    -0.1045313846563038                      0                    0.5                 0.0001     0.3618810627921629                     60
      898.0000426527113      1.769932050360756                      0                    0.5                 0.0001     0.4521785589875924                     60
      900.0000427477062     -0.141386662155027                      1                    0.5                 0.0001     0.4558708032879084                     60
      902.0000428427011     0.1313672665060892                      1                    0.5                 0.0001      0.453335604014719                     60
       904.000042937696    -0.1781887790022534                      0                    0.5                 0.0001     0.3629350837044411                     60
      906.0000430326909     -1.120625607618214                      0                    0.5                 0.0001     0.4415079316158446                     60
      908.0000431276858    -0.1022654882761955                      1                    0.5                 0.0001     0.4524573428044459                     60
      910.0000432226807    -0.9576089244726882                      0                    0.5                 0.0001     0.4255991544335344                     60
      912.0000433176756      -1.80624585225824                      0                    0.5                 0.0001     0.4529077853846785                     60
      914.0000434126705     -2.066603604959763                      0                    0.5                 0.0001     0.4330419654199672                     60
      916.0000435076654     -3.032297885791962                      1                    0.5                 0.0001     0.4611140208435611                     60
      918.0000436026603      2.368741558869011                      0                    0.5                 0.0001     0.3988739539221748                     60
      920.0000436976552      2.767512265917802                      1                    0.5                 0.0001     0.4670462209936763                     60
      922.0000437926501      -2.27539175884675                      0                    0.5                 0.0001     0.4112474353116128                     60
       924.000043887645     -2.361910074231058                      0                    0.5                 0.0001     0.4009691216201914                     60
      926.0000439826399   -0.01191277309695904                      1                    0.5                 0.0001      0.449994484894721                     60
      928.0000440776348     0.5497691845238819                      0                    0.5                 0.0001     0.3888391558188087                     60
      930.0000441726297    -0.9188156750776031                      0                    0.5                 0.0001     0.4201982698664976                     60
      932.0000442676246    -0.4259188699605319                      1                    0.5                 0.0001     0.4619949301036557                     60
      934.0000443626195    -0.2719695686519623                      1                    0.5                 0.0001     0.4534958984498923                     60
      936.0000444576144      1.687616403132749                      0                    0.5                 0.0001     0.4536901279904282                     60
      938.0000445526093      1.523092645324728                      0                    0.5                 0.0001     0.4555545097077851                     60
      940.0000446476042      1.240015238998705                      0                    0.5                 0.0001     0.4474332944397926                     60
      942.0000447425991     0.6499900514889294                      0                    0.5                 0.0001     0.3965209872977647                     60
       944.000044837594     -2.057722672806417                      0                    0.5                 0.0001     0.4304263383721922                     60
      946.0000449325889    -0.0771262156930681                      1                    0.5                 0.0001     0.4469527515547225                     60
      948.0000450275838      1.333916762403621                      0                    0.5                 0.0001     0.4495732274439914                     60
      950.0000451225787     0.6065395268717797                      1                    0.5                 0.0001     0.4681522939552135                     60
      952.0000452175736      3.025244939839525                      1                    0.5                 0.0001     0.4586110314744683                     60
      954.0000453125685     -3.005482350613983                      1                    0.5                 0.0001     0.4579679158029798                     60
      956.0000454075634     -2.140506797877781                      0                    0.5                 0.0001     0.4214725461920067                     60
      958.0000455025584    -0.1467247617145504                      0                    0.5                 0.0001     0.3596780503573129                     60
      960.0000455975533   -0.08292514471361301                      1                    0.5                 0.0001     0.4451448129227548                     60
      962.0000456925482     0.4401774267922818                      1                    0.5                 0.0001     0.4565129225564023                     60
      964.0000457875431    -0.6386257027945299                      0                    0.5                 0.0001     0.3911240134555367                     60
       966.000045882538      2.650461747236012                      0                    0.5                 0.0001     0.3688885756760898                     60
      968.0000459775329     -0.256034164402787                      1                    0.5                 0.0001     0.4481272181426577                     60
      970.0000460725278    -0.5187016970392193                      1                    0.5                 0.0001     0.4608011780519184                     60
      972.0000461675227     -3.098118723950677                      1                    0.5                 0.0001     0.4553618229070944                     60
      974.0000462625176      2.144618163280064                      0                    0.5                 0.0001     0.4184826122104791                     60
      976.0000463575125     0.5922400371678691                      0                    0.5                 0.0001     0.3892120466659856                     60
      978.0000464525074      1.330367128320595                      0                    0.5                 0.0001     0.4473149249416775                     60
      980.0000465475023       1.61867687138632                      0                    0.5                 0.0001      0.448418120831795                     60
      982.0000466424972    0.06206079481210303                      1                    0.5                 0.0001     0.4405475559420974                     60
      984.0000467374921     -1.200040485481105                      0                    0.5                 0.0001     0.4416189191933638                     60
       986.000046832487     -3.021644473232513                      1                    0.5                 0.0001      0.454892563067643                     60
      988.0000469274819     0.9575316884624634                      0                    0.5                 0.0001     0.4215967930036038                     60
      990.0000470224768     -3.017170313779474                      0                    0.5                 0.0001     0.3465637180695907                     60
      992.0000471174717       3.04402717189238                      1                    0.5                 0.0001     0.4531116757860806                     60
      994.0000472124666      2.310316659658429                      0                    0.5                 0.0001     0.4001111480446249                     60
      996.0000473074615     -2.272243999488777                      0                    0.5                 0.0001     0.4066599633981369                     60
      998.0000474024564      1.179341594701632                      0                    0.5                 0.0001     0.4366019230400935                     60
      1000.000047497451      3.006469886912495                      1                    0.5                 0.0001     0.4523449409599414                     60
