#! FIELDS time theta
#! SET min_theta -pi
#! SET max_theta pi
 0.000000 -3.058483
 1.000000 -2.976674
 2.000000 -3.051662
 3.000000 -2.962002
 4.000000 3.105149
 5.000000 -3.073681
 6.000000 3.013230
 7.000000 3.040527
 8.000000 3.132194
 9.000000 -2.993521
 10.000000 2.968126
 11.000000 3.103741
 12.000000 -3.099751
 13.000000 3.075542
 14.000000 2.798749
 15.000000 2.822568
 16.000000 3.121484
 17.000000 -3.114295
 18.000000 -3.108609
 19.000000 2.658576
 20.000000 -2.990963
 21.000000 2.759346
 22.000000 3.082140
 23.000000 -3.010542
 24.000000 3.047388
 25.000000 -3.121254
 26.000000 -3.068335
 27.000000 2.972059
 28.000000 3.057664
 29.000000 3.087776
 30.000000 -3.033094
 31.000000 -3.098132
 32.000000 3.096031
 33.000000 -2.995766
 34.000000 2.759894
 35.000000 3.102370
 36.000000 -3.063117
 37.000000 3.079454
 38.000000 -2.979379
 39.000000 3.108865
 40.000000 2.932149
 41.000000 3.035482
 42.000000 -3.050378
 43.000000 -3.088498
 44.000000 -3.095699
 45.000000 -3.053277
 46.000000 3.065973
 47.000000 2.879144
 48.000000 2.982395
 49.000000 -3.110709
 50.000000 -3.068845
 51.000000 3.012655
 52.000000 -2.971592
 53.000000 3.047766
 54.000000 3.107674
 55.000000 2.864672
 56.000000 -3.069436
 57.000000 -2.856380
 58.000000 -2.989025
 59.000000 2.813927
 60.000000 3.060109
 61.000000 -2.859960
 62.000000 -2.946478
 63.000000 2.830404
 64.000000 -3.079919
 65.000000 -3.071685
 66.000000 -3.070768
 67.000000 3.055460
 68.000000 -3.037857
 69.000000 -3.025110
 70.000000 -3.108077
 71.000000 2.749093
 72.000000 3.067524
 73.000000 -2.881488
 74.000000 3.092813
 75.000000 -3.001150
 76.000000 2.949683
 77.000000 -2.818065
 78.000000 3.049330
 79.000000 -2.884921
 80.000000 3.017600
 81.000000 -3.068796
 82.000000 -3.110282
 83.000000 -2.902286
 84.000000 3.102189
 85.000000 -3.136582
 86.000000 -3.037655
 87.000000 -3.045500
 88.000000 2.823270
 89.000000 3.087998
 90.000000 3.104757
 91.000000 -2.950686
 92.000000 3.122640
 93.000000 -3.121435
 94.000000 -3.016001
 95.000000 3.010175
 96.000000 2.948494
 97.000000 2.852376
 98.000000 -2.893531
 99.000000 3.057918
 100.000000 2.903780
 101.000000 -3.033676
 102.000000 3.129200
 103.000000 -3.010203
 104.000000 2.971872
 105.000000 2.957637
 106.000000 2.907213
 107.000000 3.006672
 108.000000 -3.134009
 109.000000 2.921103
 110.000000 2.928306
 111.000000 2.914849
 112.000000 2.942863
 113.000000 3.078192
 114.000000 3.035112
 115.000000 2.822397
 116.000000 3.131296
 117.000000 3.062100
 118.000000 3.117910
 119.000000 -2.964948
 120.000000 2.958633
 121.000000 3.006838
 122.000000 -2.961716
 123.000000 2.904846
 124.000000 -3.013887
 125.000000 3.090791
 126.000000 3.077830
 127.000000 -2.966360
 128.000000 -3.054073
 129.000000 -3.118872
 130.000000 3.138948
 131.000000 -3.008331
 132.000000 3.095446
 133.000000 -2.795304
 134.000000 3.107418
 135.000000 2.993764
 136.000000 -2.941668
 137.000000 2.952944
 138.000000 3.083106
 139.000000 -3.128904
 140.000000 -3.096548
 141.000000 3.140409
 142.000000 2.959721
 143.000000 3.050819
 144.000000 3.102205
 145.000000 -3.037119
 146.000000 -2.774172
 147.000000 -2.990223
 148.000000 3.021258
 149.000000 3.041815
 150.000000 -2.936675
 151.000000 -3.009423
 152.000000 -3.110162
 153.000000 -3.032997
 154.000000 2.866812
 155.000000 -3.126717
 156.000000 3.076923
 157.000000 3.014666
 158.000000 3.139756
 159.000000 2.868150
 160.000000 2.858758
 161.000000 -3.102093
 162.000000 3.109493
 163.000000 -2.749084
 164.000000 -3.049886
 165.000000 -3.036216
 166.000000 -2.789227
 167.000000 -3.134172
 168.000000 -2.913534
 169.000000 -2.962789
 170.000000 3.136217
 171.000000 3.067775
 172.000000 -3.103297
 173.000000 3.018374
 174.000000 3.121211
 175.000000 -3.006708
 176.000000 -2.982623
 177.000000 -2.988509
 178.000000 3.085847
 179.000000 3.115327
 180.000000 3.106167
 181.000000 -3.017493
 182.000000 3.078988
 183.000000 -2.911705
 184.000000 3.109462
 185.000000 -3.030423
 186.000000 3.133907
 187.000000 -2.827941
 188.000000 2.713336
 189.000000 2.795894
 190.000000 3.055765
 191.000000 -2.720048
 192.000000 -3.012197
 193.000000 -3.096414
 194.000000 -2.988053
 195.000000 -2.979609
 196.000000 -2.890768
 197.000000 3.120069
 198.000000 -3.127898
 199.000000 3.081883
 200.000000 3.083509
 201.000000 -3.128944
 202.000000 -3.025516
 203.000000 3.057927
 204.000000 -3.008585
 205.000000 -2.930625
 206.000000 3.009372
 207.000000 3.057539
 208.000000 -2.997840
 209.000000 -3.130092
 210.000000 -3.136580
 211.000000 -2.817421
 212.000000 -2.917416
 213.000000 -3.017731
 214.000000 3.051525
 215.000000 -3.000895
 216.000000 3.127667
 217.000000 -2.874055
 218.000000 2.873634
 219.000000 3.076301
 220.000000 3.075929
 221.000000 3.102298
 222.000000 2.799938
 223.000000 3.015112
 224.000000 -3.010247
 225.000000 -3.072439
 226.000000 -2.891578
 227.000000 -3.021735
 228.000000 3.056745
 229.000000 3.033573
 230.000000 3.011304
 231.000000 -3.118259
 232.000000 -2.873606
 233.000000 2.976887
 234.000000 -2.985955
 235.000000 2.973742
 236.000000 -2.990204
 237.000000 2.850010
 238.000000 2.928962
 239.000000 -3.093337
 240.000000 3.032549
 241.000000 3.047221
 242.000000 -3.043884
 243.000000 -3.020457
 244.000000 -3.030376
 245.000000 -3.091453
 246.000000 -2.901095
 247.000000 -2.864039
 248.000000 3.101259
 249.000000 2.941661
 250.000000 2.972916
 251.000000 -3.110981
 252.000000 2.736652
 253.000000 2.819434
 254.000000 3.137691
 255.000000 2.757379
 256.000000 -2.930849
 257.000000 -2.806170
 258.000000 3.018943
 259.000000 -3.007778
 260.000000 -3.134723
 261.000000 2.763240
 262.000000 -2.895854
 263.000000 3.069457
 264.000000 3.105959
 265.000000 -3.130577
 266.000000 -3.084178
 267.000000 -2.865404
 268.000000 2.954806
 269.000000 2.832988
 270.000000 -2.988029
 271.000000 3.130396
 272.000000 -2.518796
 273.000000 -3.024014
 274.000000 -3.110547
 275.000000 3.111700
 276.000000 -2.916226
 277.000000 -3.141462
 278.000000 2.886189
 279.000000 3.117212
 280.000000 3.132302
 281.000000 2.996193
 282.000000 2.881110
 283.000000 2.767159
 284.000000 3.028962
 285.000000 3.063567
 286.000000 2.889466
 287.000000 -3.003379
 288.000000 3.092958
 289.000000 -3.079253
 290.000000 3.138630
 291.000000 -3.109218
 292.000000 3.006155
 293.000000 2.889704
 294.000000 -2.879021
 295.000000 2.932515
 296.000000 2.970984
 297.000000 -3.048447
 298.000000 -3.102858
 299.000000 -2.878436
 300.000000 3.126325
 301.000000 -2.767658
 302.000000 2.956388
 303.000000 -3.124708
 304.000000 -2.864313
 305.000000 -3.029224
 306.000000 -2.769632
 307.000000 -3.129090
 308.000000 3.101667
 309.000000 2.979474
 310.000000 3.013824
 311.000000 -2.914328
 312.000000 -3.116022
 313.000000 -2.906546
 314.000000 3.138001
 315.000000 3.074526
 316.000000 2.935325
 317.000000 -2.974878
 318.000000 3.134466
 319.000000 2.978890
 320.000000 -3.002406
 321.000000 2.928073
 322.000000 2.862102
 323.000000 -3.061506
 324.000000 2.897374
 325.000000 -2.855304
 326.000000 -2.940218
 327.000000 2.816556
 328.000000 -3.065040
 329.000000 -3.127886
 330.000000 -2.857898
 331.000000 3.022786
 332.000000 -3.118250
 333.000000 -3.026581
 334.000000 -3.044356
 335.000000 -3.135778
 336.000000 -3.016013
 337.000000 -2.996485
 338.000000 -3.018452
 339.000000 -3.033251
 340.000000 -2.847420
 341.000000 2.642897
 342.000000 -3.140566
 343.000000 -3.107367
 344.000000 -2.896020
 345.000000 -2.935776
 346.000000 3.063517
 347.000000 -3.093357
 348.000000 -3.052731
 349.000000 3.129402
 350.000000 -2.994167
 351.000000 -3.060672
 352.000000 3.082224
 353.000000 2.709009
 354.000000 -3.118950
 355.000000 3.089444
 356.000000 3.111192
 357.000000 -3.072793
 358.000000 3.119921
 359.000000 2.898925
 360.000000 2.879843
 361.000000 2.960541
 362.000000 3.030893
 363.000000 3.113569
 364.000000 3.120123
 365.000000 2.960582
 366.000000 -2.975112
 367.000000 -3.044050
 368.000000 -2.974118
 369.000000 -3.116363
 370.000000 3.041253
 371.000000 3.126869
 372.000000 3.059437
 373.000000 -2.816340
 374.000000 -3.000885
 375.000000 -3.097182
 376.000000 2.758771
 377.000000 3.030159
 378.000000 -3.070128
 379.000000 3.085124
 380.000000 -3.079333
 381.000000 2.948682
 382.000000 -3.131599
 383.000000 2.968666
 384.000000 -2.842846
 385.000000 2.824617
 386.000000 3.037525
 387.000000 2.888979
 388.000000 -3.097805
 389.000000 3.086101
 390.000000 3.061351
 391.000000 -2.852620
 392.000000 -3.046882
 393.000000 -3.030412
 394.000000 3.131509
 395.000000 2.993732
 396.000000 3.028976
 397.000000 3.130878
 398.000000 -2.952340
 399.000000 2.829477
 400.000000 3.075893
 401.000000 2.912426
 402.000000 -3.089219
 403.000000 3.016560
 404.000000 -2.933527
 405.000000 3.074361
 406.000000 3.051522
 407.000000 2.975888
 408.000000 -3.105835
 409.000000 -3.007071
 410.000000 2.986613
 411.000000 -2.976542
 412.000000 3.008268
 413.000000 -2.997405
 414.000000 -2.985229
 415.000000 -3.118915
 416.000000 2.947240
 417.000000 -3.083627
 418.000000 3.133761
 419.000000 2.958899
 420.000000 -3.054412
 421.000000 3.006017
 422.000000 -2.825927
 423.000000 3.052498
 424.000000 3.045183
 425.000000 2.961512
 426.000000 -3.073821
 427.000000 -2.991030
 428.000000 2.982963
 429.000000 2.926936
 430.000000 -3.026696
 431.000000 -2.884443
 432.000000 2.987472
 433.000000 2.918683
 434.000000 -2.611086
 435.000000 3.037206
 436.000000 -2.788160
 437.000000 -2.929427
 438.000000 -3.084416
 439.000000 3.053635
 440.000000 -3.113510
 441.000000 2.929922
 442.000000 3.101173
 443.000000 -2.777410
 444.000000 3.047872
 445.000000 -3.060735
 446.000000 2.824677
 447.000000 3.012787
 448.000000 2.999460
 449.000000 3.019190
 450.000000 -3.055450
 451.000000 -3.113458
 452.000000 -3.006515
 453.000000 -3.054062
 454.000000 -3.003958
 455.000000 3.086234
 456.000000 2.894162
 457.000000 -3.128840
 458.000000 -3.054174
 459.000000 3.121778
 460.000000 3.046987
 461.000000 -3.114569
 462.000000 -2.996604
 463.000000 2.886859
 464.000000 -3.105677
 465.000000 -2.920247
 466.000000 2.990383
 467.000000 3.022601
 468.000000 3.105223
 469.000000 -2.944944
 470.000000 3.128474
 471.000000 -3.139475
 472.000000 3.047201
 473.000000 2.950904
 474.000000 -3.116586
 475.000000 -3.015087
 476.000000 -3.062859
 477.000000 3.054262
 478.000000 -3.060748
 479.000000 2.948004
 480.000000 -2.817424
 481.000000 2.984502
 482.000000 -3.050689
 483.000000 3.072604
 484.000000 -2.594049
 485.000000 -3.038920
 486.000000 3.116456
 487.000000 -2.881447
 488.000000 -3.124866
 489.000000 2.997975
 490.000000 2.812911
 491.000000 -2.975395
 492.000000 -3.085069
 493.000000 -3.108964
 494.000000 2.893983
 495.000000 -2.985347
 496.000000 3.086645
 497.000000 -3.124863
 498.000000 -3.087823
 499.000000 -2.830370
 500.000000 -3.125410
 501.000000 -2.970433
 502.000000 2.872915
 503.000000 3.140325
 504.000000 3.098017
 505.000000 -3.034146
 506.000000 2.737028
 507.000000 -2.916639
 508.000000 -2.969443
 509.000000 2.808541
 510.000000 -2.846069
 511.000000 -3.111990
 512.000000 3.139358
 513.000000 3.042600
 514.000000 3.133623
 515.000000 -3.039181
 516.000000 3.114982
 517.000000 -2.974094
 518.000000 2.965369
 519.000000 -2.990912
 520.000000 -3.063175
 521.000000 2.813895
 522.000000 2.903657
 523.000000 -3.025660
 524.000000 2.898407
 525.000000 2.832501
 526.000000 -2.910141
 527.000000 -3.113993
 528.000000 -2.984197
 529.000000 2.882498
 530.000000 -3.023459
 531.000000 -3.113393
 532.000000 -2.998872
 533.000000 -2.978394
 534.000000 -2.914595
 535.000000 -2.975989
 536.000000 -3.138528
 537.000000 3.089313
 538.000000 -3.051268
 539.000000 2.995920
 540.000000 3.125353
 541.000000 2.937881
 542.000000 -3.017290
 543.000000 3.002908
 544.000000 -3.085951
 545.000000 -3.090073
 546.000000 -3.124451
 547.000000 3.042453
 548.000000 -3.105172
 549.000000 3.075443
 550.000000 3.055390
 551.000000 3.054136
 552.000000 -3.042152
 553.000000 -2.883348
 554.000000 3.139299
 555.000000 -2.845654
 556.000000 3.069449
 557.000000 2.862891
 558.000000 3.113036
 559.000000 -2.972096
 560.000000 3.089992
 561.000000 -3.117174
 562.000000 2.954876
 563.000000 -3.031813
 564.000000 2.939793
 565.000000 -3.037776
 566.000000 3.008758
 567.000000 -3.078885
 568.000000 2.941756
 569.000000 -3.065687
 570.000000 -3.057783
 571.000000 -2.612894
 572.000000 3.121686
 573.000000 -2.880855
 574.000000 2.874689
 575.000000 3.098478
 576.000000 -3.126118
 577.000000 3.033207
 578.000000 3.122251
 579.000000 3.079325
 580.000000 -3.139431
 581.000000 -3.033905
 582.000000 2.910953
 583.000000 2.842899
 584.000000 3.128524
 585.000000 3.067395
 586.000000 -3.044932
 587.000000 3.045229
 588.000000 3.118324
 589.000000 3.116737
 590.000000 -3.041257
 591.000000 -3.002964
 592.000000 -2.930827
 593.000000 3.096442
 594.000000 -3.030342
 595.000000 -3.073589
 596.000000 2.808268
 597.000000 -3.091106
 598.000000 -3.124371
 599.000000 2.983568
 600.000000 2.959674
 601.000000 -2.806830
 602.000000 2.718950
 603.000000 -2.934741
 604.000000 3.089520
 605.000000 2.986130
 606.000000 3.090071
 607.000000 -2.785166
 608.000000 -2.958429
 609.000000 3.123061
 610.000000 2.998385
 611.000000 3.015954
 612.000000 -2.965007
 613.000000 -2.957649
 614.000000 3.007377
 615.000000 -2.838707
 616.000000 2.982927
 617.000000 -2.760078
 618.000000 -2.961185
 619.000000 3.003264
 620.000000 2.981892
 621.000000 -2.865704
 622.000000 2.841833
 623.000000 -2.954609
 624.000000 3.024229
 625.000000 3.078220
 626.000000 2.922868
 627.000000 3.006589
 628.000000 -2.849840
 629.000000 3.068558
 630.000000 3.021747
 631.000000 -2.947396
 632.000000 2.987632
 633.000000 3.069742
 634.000000 -3.140019
 635.000000 3.138968
 636.000000 2.937772
 637.000000 3.074551
 638.000000 3.016101
 639.000000 3.140714
 640.000000 -3.014996
 641.000000 3.088548
 642.000000 -2.958841
 643.000000 3.095498
 644.000000 -3.106454
 645.000000 -3.093016
 646.000000 -2.976113
 647.000000 2.909286
 648.000000 -2.878480
 649.000000 3.064918
 650.000000 -3.008467
 651.000000 3.034465
 652.000000 -2.950390
 653.000000 -2.870492
 654.000000 -3.046959
 655.000000 -3.133898
 656.000000 -2.811299
 657.000000 -3.100316
 658.000000 -3.052664
 659.000000 2.668080
 660.000000 3.053477
 661.000000 3.023981
 662.000000 -2.850594
 663.000000 2.987822
 664.000000 -3.119985
 665.000000 -3.060576
 666.000000 3.073101
 667.000000 2.996825
 668.000000 3.044365
 669.000000 2.973334
 670.000000 -3.079927
 671.000000 -3.076574
 672.000000 -2.755151
 673.000000 3.056778
 674.000000 -2.967746
 675.000000 3.094706
 676.000000 3.099795
 677.000000 -3.022230
 678.000000 3.122143
 679.000000 -3.063544
 680.000000 3.101861
 681.000000 3.059637
 682.000000 2.931941
 683.000000 -3.110281
 684.000000 3.046882
 685.000000 3.133149
 686.000000 3.048072
 687.000000 -2.950798
 688.000000 2.972889
 689.000000 -2.785708
 690.000000 -3.064257
 691.000000 -2.981911
 692.000000 3.133624
 693.000000 2.979443
 694.000000 3.047450
 695.000000 -2.747842
 696.000000 3.049914
 697.000000 3.048361
 698.000000 2.655848
 699.000000 -2.973701
 700.000000 3.034933
 701.000000 -2.699564
 702.000000 -2.901447
 703.000000 -2.884690
 704.000000 2.980507
 705.000000 3.118318
 706.000000 -2.981288
 707.000000 2.716280
 708.000000 -2.916784
 709.000000 2.723689
 710.000000 -3.128471
 711.000000 -3.087924
 712.000000 2.963386
 713.000000 -2.862903
 714.000000 -3.022397
 715.000000 2.974942
 716.000000 -3.013922
 717.000000 3.010279
 718.000000 -3.047647
 719.000000 2.996009
 720.000000 -3.044826
 721.000000 3.058260
 722.000000 3.079867
 723.000000 3.108105
 724.000000 3.111644
 725.000000 3.079871
 726.000000 2.941522
 727.000000 -2.886732
 728.000000 3.047807
 729.000000 3.054395
 730.000000 3.134727
 731.000000 3.100618
 732.000000 2.789211
 733.000000 3.088466
 734.000000 3.040680
 735.000000 -2.653201
 736.000000 -3.001355
 737.000000 3.000723
 738.000000 -3.105730
 739.000000 -2.750620
 740.000000 -2.976369
 741.000000 3.139688
 742.000000 -3.138382
 743.000000 -3.057062
 744.000000 -3.124192
 745.000000 3.095509
 746.000000 3.136822
 747.000000 -2.866327
 748.000000 3.030586
 749.000000 3.016647
 750.000000 -3.040897
 751.000000 2.841304
 752.000000 -2.815434
 753.000000 3.037066
 754.000000 3.061453
 755.000000 3.036745
 756.000000 3.111637
 757.000000 -3.124350
 758.000000 -3.076774
 759.000000 -2.823119
 760.000000 -2.897419
 761.000000 3.083105
 762.000000 3.078242
 763.000000 -2.995672
 764.000000 -3.065828
 765.000000 3.008645
 766.000000 2.974958
 767.000000 -3.063017
 768.000000 -3.099319
 769.000000 2.784479
 770.000000 -3.130080
 771.000000 -2.814277
 772.000000 3.084189
 773.000000 -2.960300
 774.000000 2.970329
 775.000000 2.643408
 776.000000 2.865365
 777.000000 -3.127417
 778.000000 3.064796
 779.000000 3.113983
 780.000000 3.082186
 781.000000 -2.808150
 782.000000 2.882860
 783.000000 3.101665
 784.000000 2.980116
 785.000000 3.016160
 786.000000 -2.874010
 787.000000 3.000147
 788.000000 -3.008884
 789.000000 3.020264
 790.000000 2.887757
 791.000000 -3.131159
 792.000000 -3.078016
 793.000000 3.010084
 794.000000 -3.016216
 795.000000 2.969489
 796.000000 -3.043731
 797.000000 3.000074
 798.000000 3.063388
 799.000000 2.996344
 800.000000 3.039339
 801.000000 -2.864317
 802.000000 -2.890239
 803.000000 3.089788
 804.000000 3.101818
 805.000000 -3.057933
 806.000000 2.770193
 807.000000 2.861440
 808.000000 2.960914
 809.000000 -2.932154
 810.000000 3.070516
 811.000000 3.069137
 812.000000 -2.930820
 813.000000 3.133170
 814.000000 -3.106866
 815.000000 -3.036582
 816.000000 3.029484
 817.000000 2.769492
 818.000000 3.053569
 819.000000 3.121891
 820.000000 -3.084495
 821.000000 3.061646
 822.000000 3.088075
 823.000000 2.969378
 824.000000 2.975185
 825.000000 -2.723348
 826.000000 3.070804
 827.000000 3.044624
 828.000000 2.959547
 829.000000 3.071241
 830.000000 3.069841
 831.000000 2.830601
 832.000000 -3.059847
 833.000000 -2.967296
 834.000000 -3.103228
 835.000000 -3.016370
 836.000000 -3.111404
 837.000000 -3.080478
 838.000000 -2.929638
 839.000000 3.051745
 840.000000 -3.020585
 841.000000 -2.988512
 842.000000 3.069843
 843.000000 -3.024713
 844.000000 3.051367
 845.000000 3.123983
 846.000000 -2.968146
 847.000000 -2.788580
 848.000000 -2.891780
 849.000000 3.118167
 850.000000 3.068973
 851.000000 -2.897906
 852.000000 -2.808959
 853.000000 -3.001682
 854.000000 3.082130
 855.000000 -3.109713
 856.000000 2.745953
 857.000000 3.120091
 858.000000 2.935275
 859.000000 -3.094755
 860.000000 3.043862
 861.000000 3.135681
 862.000000 -2.945737
 863.000000 -2.830240
 864.000000 -2.985752
 865.000000 2.854542
 866.000000 3.063728
 867.000000 3.060109
 868.000000 -2.957096
 869.000000 2.976256
 870.000000 2.984248
 871.000000 -2.800365
 872.000000 3.110746
 873.000000 -3.070206
 874.000000 -2.956571
 875.000000 3.035687
 876.000000 -3.114198
 877.000000 3.032024
 878.000000 2.977612
 879.000000 3.139904
 880.000000 -2.820722
 881.000000 3.045013
 882.000000 3.046338
 883.000000 -2.873389
 884.000000 3.034931
 885.000000 -3.112961
 886.000000 3.078697
 887.000000 -3.063948
 888.000000 2.956839
 889.000000 2.948001
 890.000000 -2.677804
 891.000000 3.111602
 892.000000 3.141281
 893.000000 2.818534
 894.000000 2.787711
 895.000000 3.029751
 896.000000 -2.973472
 897.000000 -3.028225
 898.000000 -3.112546
 899.000000 -2.990087
 900.000000 -2.758363
 901.000000 -3.138978
 902.000000 2.892627
 903.000000 -3.109817
 904.000000 -2.907760
 905.000000 3.012382
 906.000000 -2.848620
 907.000000 3.132895
 908.000000 2.965670
 909.000000 3.135558
 910.000000 3.111834
 911.000000 3.134187
 912.000000 -2.684713
 913.000000 -2.672048
 914.000000 -3.043939
 915.000000 -3.060734
 916.000000 3.112172
 917.000000 2.996194
 918.000000 -3.015407
 919.000000 -3.008693
 920.000000 -2.842437
 921.000000 -3.112469
 922.000000 -3.096125
 923.000000 3.090697
 924.000000 -2.902391
 925.000000 -2.953738
 926.000000 3.135306
 927.000000 -2.763051
 928.000000 3.079071
 929.000000 3.051426
 930.000000 -2.941502
 931.000000 2.834470
 932.000000 -3.120853
 933.000000 -3.063575
 934.000000 2.960720
 935.000000 -3.133638
 936.000000 -3.036433
 937.000000 3.078685
 938.000000 2.953125
 939.000000 3.129867
 940.000000 -2.925981
 941.000000 -2.950518
 942.000000 2.860500
 943.000000 -2.798022
 944.000000 -2.752297
 945.000000 3.119322
 946.000000 -2.974242
 947.000000 2.893381
 948.000000 -3.129772
 949.000000 -2.742471
 950.000000 -2.816927
 951.000000 -2.925078
 952.000000 -3.130808
 953.000000 3.015764
 954.000000 -3.016801
 955.000000 3.031477
 956.000000 -2.886093
 957.000000 -2.895415
 958.000000 -3.099980
 959.000000 -3.096847
 960.000000 -2.994057
 961.000000 -3.138298
 962.000000 2.987500
 963.000000 -2.567906
 964.000000 -2.974228
 965.000000 3.080382
 966.000000 -3.104080
 967.000000 -3.049143
 968.000000 3.099945
 969.000000 3.026301
 970.000000 -2.911212
 971.000000 -3.080272
 972.000000 3.135949
 973.000000 3.136958
 974.000000 2.962838
 975.000000 2.945165
 976.000000 -2.790116
 977.000000 -3.061776
 978.000000 3.134628
 979.000000 -2.943770
 980.000000 -2.972051
 981.000000 2.781159
 982.000000 3.096462
 983.000000 -3.117134
 984.000000 -3.037489
 985.000000 -2.807008
 986.000000 -2.807385
 987.000000 2.523179
 988.000000 3.007611
 989.000000 3.043236
 990.000000 3.049231
 991.000000 2.944972
 992.000000 -2.803780
 993.000000 3.084412
 994.000000 3.071338
 995.000000 -3.130832
 996.000000 3.089760
 997.000000 -3.089920
 998.000000 3.011820
 999.000000 3.002606
 1000.000000 -2.850142
 1001.000000 -2.941544
 1002.000000 -2.827151
 1003.000000 3.126359
 1004.000000 2.911025
 1005.000000 2.867106
 1006.000000 -3.051769
 1007.000000 2.834497
 1008.000000 -3.095517
 1009.000000 3.097068
 1010.000000 -3.031432
 1011.000000 3.021430
 1012.000000 -2.989842
 1013.000000 2.897755
 1014.000000 -2.669202
 1015.000000 -3.139320
 1016.000000 3.058589
 1017.000000 -3.117371
 1018.000000 2.935203
 1019.000000 3.082358
 1020.000000 2.936935
 1021.000000 2.999828
 1022.000000 3.122327
 1023.000000 -3.006099
 1024.000000 -3.050803
 1025.000000 -3.009935
 1026.000000 -3.118920
 1027.000000 2.822432
 1028.000000 -3.054170
 1029.000000 3.076059
 1030.000000 3.094135
 1031.000000 2.934250
 1032.000000 3.097956
 1033.000000 -3.039213
 1034.000000 3.064811
 1035.000000 3.102471
 1036.000000 2.874724
 1037.000000 3.032583
 1038.000000 -2.997109
 1039.000000 -3.012376
 1040.000000 2.935410
 1041.000000 3.107479
 1042.000000 3.051022
 1043.000000 3.112260
 1044.000000 -3.120243
 1045.000000 3.115428
 1046.000000 -3.065010
 1047.000000 2.967256
 1048.000000 3.027246
 1049.000000 -2.839825
 1050.000000 2.892551
 1051.000000 -2.829843
 1052.000000 -3.080466
 1053.000000 2.949101
 1054.000000 -2.926866
 1055.000000 -2.835249
 1056.000000 3.059336
 1057.000000 3.118321
 1058.000000 3.069540
 1059.000000 3.111807
 1060.000000 3.117606
 1061.000000 -3.104445
 1062.000000 3.103942
 1063.000000 -3.113689
 1064.000000 -2.914551
 1065.000000 2.973432
 1066.000000 3.028756
 1067.000000 2.928814
 1068.000000 -3.106236
 1069.000000 3.111188
 1070.000000 3.084436
 1071.000000 -3.023228
 1072.000000 -2.944347
 1073.000000 3.059528
 1074.000000 -2.958767
 1075.000000 -3.112237
 1076.000000 2.984628
 1077.000000 3.009059
 1078.000000 3.077826
 1079.000000 -3.115756
 1080.000000 2.988728
 1081.000000 -3.083268
 1082.000000 -2.892661
 1083.000000 -3.132999
 1084.000000 2.758449
 1085.000000 3.018033
 1086.000000 3.050766
 1087.000000 2.849448
 1088.000000 -3.064773
 1089.000000 3.037236
 1090.000000 3.092367
 1091.000000 -2.948922
 1092.000000 2.698959
 1093.000000 2.975774
 1094.000000 2.995379
 1095.000000 -3.135034
 1096.000000 -2.885059
 1097.000000 -2.822742
 1098.000000 -3.124397
 1099.000000 -3.070889
 1100.000000 3.064961
 1101.000000 2.757224
 1102.000000 3.101549
 1103.000000 -2.903468
 1104.000000 3.040422
 1105.000000 -2.949351
 1106.000000 2.911959
 1107.000000 -3.108585
 1108.000000 3.100559
 1109.000000 -2.829671
 1110.000000 -3.001325
 1111.000000 -3.135767
 1112.000000 -3.024441
 1113.000000 3.051230
 1114.000000 3.084346
 1115.000000 3.111021
 1116.000000 -2.743732
 1117.000000 2.936840
 1118.000000 -2.755701
 1119.000000 -2.789647
 1120.000000 2.814683
 1121.000000 -3.048875
 1122.000000 3.015597
 1123.000000 3.116087
 1124.000000 -2.912537
 1125.000000 2.993154
 1126.000000 2.938080
 1127.000000 -3.070033
 1128.000000 3.022844
 1129.000000 -3.074105
 1130.000000 -2.748189
 1131.000000 2.958968
 1132.000000 -2.940445
 1133.000000 2.944383
 1134.000000 3.139947
 1135.000000 3.052769
 1136.000000 2.992588
 1137.000000 3.070273
 1138.000000 2.986616
 1139.000000 3.031522
 1140.000000 3.060835
 1141.000000 -2.824853
 1142.000000 3.049084
 1143.000000 -2.827570
 1144.000000 3.108668
 1145.000000 -2.805789
 1146.000000 2.665103
 1147.000000 -3.110764
 1148.000000 3.136083
 1149.000000 3.002048
 1150.000000 -2.966691
 1151.000000 -2.833545
 1152.000000 3.117712
 1153.000000 -2.948269
 1154.000000 2.976997
 1155.000000 3.113291
 1156.000000 2.886353
 1157.000000 3.136046
 1158.000000 -3.073711
 1159.000000 2.972821
 1160.000000 3.110929
 1161.000000 -2.950304
 1162.000000 3.073178
 1163.000000 -2.701039
 1164.000000 -3.074126
 1165.000000 -3.003706
 1166.000000 -2.561330
 1167.000000 -3.111316
 1168.000000 -3.084011
 1169.000000 -2.860246
 1170.000000 -3.005561
 1171.000000 3.046469
 1172.000000 3.079830
 1173.000000 -2.946637
 1174.000000 -2.818584
 1175.000000 -2.819244
 1176.000000 -2.915418
 1177.000000 3.086173
 1178.000000 3.141552
 1179.000000 -2.917868
 1180.000000 -3.052878
 1181.000000 2.921650
 1182.000000 3.006289
 1183.000000 -3.008325
 1184.000000 -2.832225
 1185.000000 -2.915947
 1186.000000 3.029625
 1187.000000 -2.954158
 1188.000000 -2.966573
 1189.000000 -2.843989
 1190.000000 -3.117795
 1191.000000 -3.052797
 1192.000000 -2.979867
 1193.000000 -3.011263
 1194.000000 -2.808090
 1195.000000 2.839014
 1196.000000 3.063821
 1197.000000 3.076720
 1198.000000 -3.070734
 1199.000000 3.049582
 1200.000000 3.081160
 1201.000000 3.083755
 1202.000000 3.083537
 1203.000000 -2.956481
 1204.000000 -3.083715
 1205.000000 3.046051
 1206.000000 -3.111846
 1207.000000 3.110767
 1208.000000 -2.998852
 1209.000000 -2.977561
 1210.000000 -3.063979
 1211.000000 2.958068
 1212.000000 -2.999138
 1213.000000 -3.031846
 1214.000000 2.996327
 1215.000000 -3.101294
 1216.000000 -3.092259
 1217.000000 -2.886407
 1218.000000 2.559574
 1219.000000 -2.888547
 1220.000000 -2.957716
 1221.000000 -3.122705
 1222.000000 -3.138896
 1223.000000 -2.933047
 1224.000000 -2.915363
 1225.000000 -2.958183
 1226.000000 -2.860426
 1227.000000 -2.922367
 1228.000000 2.827603
 1229.000000 -3.055802
 1230.000000 -3.024285
 1231.000000 3.135558
 1232.000000 -2.944429
 1233.000000 2.753337
 1234.000000 2.896881
 1235.000000 -3.120665
 1236.000000 -3.000896
 1237.000000 3.055719
 1238.000000 -2.684545
 1239.000000 -3.025356
 1240.000000 -2.858778
 1241.000000 -3.026657
 1242.000000 2.988518
 1243.000000 2.765391
 1244.000000 2.959559
 1245.000000 -2.968372
 1246.000000 3.003668
 1247.000000 -2.973303
 1248.000000 -3.117308
 1249.000000 -2.897942
 1250.000000 -3.138337
 1251.000000 2.920025
 1252.000000 -3.141570
 1253.000000 -2.716036
 1254.000000 -2.794702
 1255.000000 3.009071
 1256.000000 -3.119379
 1257.000000 -3.049751
 1258.000000 -3.002473
 1259.000000 2.885310
 1260.000000 3.079512
 1261.000000 2.822456
 1262.000000 2.986856
 1263.000000 3.003449
 1264.000000 3.110221
 1265.000000 -3.123133
 1266.000000 3.121860
 1267.000000 3.098492
 1268.000000 3.141012
 1269.000000 -3.008064
 1270.000000 -3.132622
 1271.000000 2.765287
 1272.000000 2.697355
 1273.000000 3.074382
 1274.000000 -3.057984
 1275.000000 2.881673
 1276.000000 -3.078462
 1277.000000 -2.892246
 1278.000000 3.134218
 1279.000000 -2.714281
 1280.000000 3.090951
 1281.000000 -3.108371
 1282.000000 -2.939099
 1283.000000 -2.919484
 1284.000000 -2.722736
 1285.000000 -3.099458
 1286.000000 -3.061749
 1287.000000 2.906007
 1288.000000 2.992829
 1289.000000 -2.983076
 1290.000000 2.846429
 1291.000000 3.009945
 1292.000000 3.064489
 1293.000000 -2.972369
 1294.000000 3.115697
 1295.000000 -2.831001
 1296.000000 3.006816
 1297.000000 3.033818
 1298.000000 2.927873
 1299.000000 3.128195
 1300.000000 2.978771
 1301.000000 -3.137991
 1302.000000 -3.024126
 1303.000000 3.068885
 1304.000000 -2.986356
 1305.000000 2.958463
 1306.000000 3.101965
 1307.000000 -2.955312
 1308.000000 -3.000873
 1309.000000 3.073465
 1310.000000 2.948563
 1311.000000 2.996712
 1312.000000 -2.794175
 1313.000000 -3.036234
 1314.000000 2.999368
 1315.000000 -2.888402
 1316.000000 2.986413
 1317.000000 -3.039247
 1318.000000 2.779478
 1319.000000 -2.921086
 1320.000000 -2.929876
 1321.000000 3.125642
 1322.000000 3.088167
 1323.000000 -3.088591
 1324.000000 -2.966162
 1325.000000 -2.770388
 1326.000000 -3.039691
 1327.000000 -2.919323
 1328.000000 3.082479
 1329.000000 3.074882
 1330.000000 3.098801
 1331.000000 2.920683
 1332.000000 3.127171
 1333.000000 -3.044454
 1334.000000 3.110636
 1335.000000 2.800132
 1336.000000 3.094577
 1337.000000 -3.011882
 1338.000000 -2.932126
 1339.000000 -2.839993
 1340.000000 -2.868640
 1341.000000 2.647042
 1342.000000 -2.773352
 1343.000000 3.056845
 1344.000000 3.095029
 1345.000000 2.886197
 1346.000000 -3.043367
 1347.000000 -2.836197
 1348.000000 -2.969870
 1349.000000 2.906854
 1350.000000 -2.777191
 1351.000000 2.952750
 1352.000000 -3.106490
 1353.000000 3.077326
 1354.000000 3.087988
 1355.000000 3.050038
 1356.000000 3.030742
 1357.000000 -3.045764
 1358.000000 -3.133402
 1359.000000 3.035076
 1360.000000 -2.891235
 1361.000000 -3.074900
 1362.000000 2.946708
 1363.000000 -3.051977
 1364.000000 -3.103701
 1365.000000 -3.085169
 1366.000000 -2.949227
 1367.000000 2.933274
 1368.000000 -3.099911
 1369.000000 -3.006615
 1370.000000 -3.091186
 1371.000000 -2.964676
 1372.000000 2.991191
 1373.000000 -3.038638
 1374.000000 -3.090921
 1375.000000 -2.755994
 1376.000000 -3.055415
 1377.000000 2.929094
 1378.000000 2.944402
 1379.000000 -3.076788
 1380.000000 -2.983793
 1381.000000 -2.914188
 1382.000000 3.107148
 1383.000000 -3.010016
 1384.000000 2.791303
 1385.000000 -3.141412
 1386.000000 -2.969082
 1387.000000 2.943000
 1388.000000 3.140320
 1389.000000 2.828076
 1390.000000 -3.060030
 1391.000000 -3.118311
 1392.000000 -2.864122
 1393.000000 2.776714
 1394.000000 -2.895184
 1395.000000 -2.797794
 1396.000000 -3.073411
 1397.000000 2.832993
 1398.000000 2.940687
 1399.000000 -3.076312
 1400.000000 2.697759
 1401.000000 -3.000018
 1402.000000 2.999985
 1403.000000 -3.091318
 1404.000000 3.127616
 1405.000000 3.072902
 1406.000000 -2.810753
 1407.000000 3.066089
 1408.000000 -2.995203
 1409.000000 -3.065785
 1410.000000 3.000412
 1411.000000 2.710987
 1412.000000 -3.010146
 1413.000000 2.962983
 1414.000000 2.641219
 1415.000000 -2.969000
 1416.000000 3.016007
 1417.000000 -3.098210
 1418.000000 3.092020
 1419.000000 -2.975407
 1420.000000 2.912747
 1421.000000 3.108397
 1422.000000 -2.855050
 1423.000000 -2.793007
 1424.000000 3.131301
 1425.000000 3.102247
 1426.000000 3.000634
 1427.000000 -2.998222
 1428.000000 -3.107548
 1429.000000 -3.009676
 1430.000000 -3.133587
 1431.000000 -2.848617
 1432.000000 -2.891201
 1433.000000 -2.976915
 1434.000000 -3.051166
 1435.000000 -2.682930
 1436.000000 -3.113748
 1437.000000 -2.950208
 1438.000000 3.134562
 1439.000000 -2.875057
 1440.000000 3.114720
 1441.000000 -2.812307
 1442.000000 -3.004171
 1443.000000 -3.008048
 1444.000000 3.067536
 1445.000000 -3.103307
 1446.000000 2.791972
 1447.000000 2.898043
 1448.000000 2.863844
 1449.000000 3.109962
 1450.000000 -3.106762
 1451.000000 2.993679
 1452.000000 2.998948
 1453.000000 3.041627
 1454.000000 3.090819
 1455.000000 -2.926781
 1456.000000 3.018268
 1457.000000 3.051898
 1458.000000 -2.979306
 1459.000000 -2.904963
 1460.000000 -3.048177
 1461.000000 2.965073
 1462.000000 2.813673
 1463.000000 3.036944
 1464.000000 -2.980955
 1465.000000 -3.074451
 1466.000000 3.086043
 1467.000000 3.137156
 1468.000000 -3.029616
 1469.000000 3.073653
 1470.000000 -2.987734
 1471.000000 3.087882
 1472.000000 -3.067445
 1473.000000 2.975583
 1474.000000 2.971437
 1475.000000 -2.877446
 1476.000000 -2.925222
 1477.000000 3.015472
 1478.000000 -2.999934
 1479.000000 -3.112756
 1480.000000 2.820224
 1481.000000 -3.139364
 1482.000000 -3.081641
 1483.000000 3.020267
 1484.000000 -3.016403
 1485.000000 3.042830
 1486.000000 -3.105031
 1487.000000 -2.843654
 1488.000000 -3.124087
 1489.000000 3.118710
 1490.000000 -2.930731
 1491.000000 -2.924570
 1492.000000 -3.047077
 1493.000000 3.027419
 1494.000000 -2.751004
 1495.000000 3.140763
 1496.000000 3.135702
 1497.000000 -3.093142
 1498.000000 -2.977040
 1499.000000 3.048930
 1500.000000 3.134545
 1501.000000 2.880630
 1502.000000 -3.025902
 1503.000000 -2.832079
 1504.000000 -2.972220
 1505.000000 2.930061
 1506.000000 3.065511
 1507.000000 -3.037204
 1508.000000 2.686290
 1509.000000 -3.034890
 1510.000000 3.072276
 1511.000000 3.105088
 1512.000000 -3.022571
 1513.000000 3.138229
 1514.000000 2.677823
 1515.000000 -2.999517
 1516.000000 -3.011952
 1517.000000 3.009590
 1518.000000 3.053995
 1519.000000 2.900392
 1520.000000 -2.601751
 1521.000000 -2.991044
 1522.000000 -3.071660
 1523.000000 3.100404
 1524.000000 3.110600
 1525.000000 -2.792555
 1526.000000 -3.041998
 1527.000000 2.874033
 1528.000000 -2.783854
 1529.000000 -3.099734
 1530.000000 -3.028379
 1531.000000 -2.773465
 1532.000000 -2.886579
 1533.000000 -3.086748
 1534.000000 2.966296
 1535.000000 -2.941162
 1536.000000 3.037887
 1537.000000 -3.092274
 1538.000000 2.969536
 1539.000000 -3.095142
 1540.000000 -3.128874
 1541.000000 -2.968746
 1542.000000 -3.116053
 1543.000000 3.029062
 1544.000000 -3.022045
 1545.000000 3.027257
 1546.000000 -3.121948
 1547.000000 -2.803393
 1548.000000 -2.975544
 1549.000000 2.897241
 1550.000000 2.843203
 1551.000000 3.107132
 1552.000000 3.080531
 1553.000000 3.125051
 1554.000000 2.997257
 1555.000000 3.069292
 1556.000000 3.133965
 1557.000000 3.023510
 1558.000000 -3.139351
 1559.000000 -2.860229
 1560.000000 -2.897066
 1561.000000 -3.011530
 1562.000000 3.042232
 1563.000000 2.972233
 1564.000000 2.912919
 1565.000000 2.953490
 1566.000000 2.985699
 1567.000000 -3.132500
 1568.000000 3.065718
 1569.000000 2.848154
 1570.000000 3.126586
 1571.000000 -3.031584
 1572.000000 -3.043434
 1573.000000 3.130372
 1574.000000 3.095747
 1575.000000 3.054925
 1576.000000 2.971664
 1577.000000 -3.102611
 1578.000000 3.050342
 1579.000000 2.956600
 1580.000000 3.061696
 1581.000000 -2.901233
 1582.000000 2.947592
 1583.000000 -3.115176
 1584.000000 -2.800844
 1585.000000 3.006065
 1586.000000 3.043857
 1587.000000 3.133885
 1588.000000 -3.048563
 1589.000000 -3.112313
 1590.000000 2.803142
 1591.000000 2.918749
 1592.000000 -3.043359
 1593.000000 3.136543
 1594.000000 2.913221
 1595.000000 -3.028750
 1596.000000 -3.094082
 1597.000000 -3.086344
 1598.000000 -3.071861
 1599.000000 -3.123434
 1600.000000 3.139192
 1601.000000 -3.065187
 1602.000000 2.785672
 1603.000000 -3.092300
 1604.000000 2.975828
 1605.000000 2.929441
 1606.000000 -3.098546
 1607.000000 3.002799
 1608.000000 2.887368
 1609.000000 3.070590
 1610.000000 -3.054200
 1611.000000 -3.131721
 1612.000000 3.116356
 1613.000000 -3.106427
 1614.000000 -2.811570
 1615.000000 -2.991992
 1616.000000 -3.069695
 1617.000000 3.023949
 1618.000000 -2.945608
 1619.000000 3.037567
 1620.000000 -3.018580
 1621.000000 3.098480
 1622.000000 2.875115
 1623.000000 2.983184
 1624.000000 -2.883230
 1625.000000 3.011122
 1626.000000 2.912044
 1627.000000 -2.867455
 1628.000000 2.848278
 1629.000000 -2.752144
 1630.000000 3.077646
 1631.000000 -2.933219
 1632.000000 3.012142
 1633.000000 -3.097800
 1634.000000 -3.047593
 1635.000000 3.118339
 1636.000000 2.921561
 1637.000000 3.106974
 1638.000000 -2.999875
 1639.000000 2.671816
 1640.000000 -3.137049
 1641.000000 3.028267
 1642.000000 -2.595746
 1643.000000 2.990564
 1644.000000 3.064591
 1645.000000 -3.083674
 1646.000000 3.060508
 1647.000000 2.914507
 1648.000000 -2.882299
 1649.000000 3.088100
 1650.000000 3.126960
 1651.000000 -3.126158
 1652.000000 3.019743
 1653.000000 -2.916365
 1654.000000 -3.139572
 1655.000000 -3.113156
 1656.000000 3.109674
 1657.000000 -2.855878
 1658.000000 -3.100599
 1659.000000 2.889413
 1660.000000 2.849792
 1661.000000 3.080756
 1662.000000 -2.950616
 1663.000000 -2.886684
 1664.000000 2.869999
 1665.000000 -3.026285
 1666.000000 2.887224
 1667.000000 3.118808
 1668.000000 3.014374
 1669.000000 3.090885
 1670.000000 -3.113312
 1671.000000 -3.041597
 1672.000000 3.029867
 1673.000000 -3.076577
 1674.000000 -3.044335
 1675.000000 -2.963292
 1676.000000 -3.042318
 1677.000000 -3.131405
 1678.000000 2.928077
 1679.000000 2.919968
 1680.000000 2.760520
 1681.000000 -3.035552
 1682.000000 3.042396
 1683.000000 -3.042423
 1684.000000 -2.922658
 1685.000000 -2.955027
 1686.000000 -3.115876
 1687.000000 3.095466
 1688.000000 -3.111989
 1689.000000 -2.982402
 1690.000000 3.025838
 1691.000000 -3.130110
 1692.000000 -3.138893
 1693.000000 -3.042300
 1694.000000 3.011743
 1695.000000 -2.968165
 1696.000000 3.106872
 1697.000000 3.010436
 1698.000000 3.128799
 1699.000000 2.989050
 1700.000000 2.991051
 1701.000000 -3.090624
 1702.000000 -3.113325
 1703.000000 2.894784
 1704.000000 -3.084751
 1705.000000 -3.036156
 1706.000000 -3.048088
 1707.000000 -3.026379
 1708.000000 3.014080
 1709.000000 -3.059965
 1710.000000 3.050863
 1711.000000 -3.076666
 1712.000000 -2.771086
 1713.000000 3.062663
 1714.000000 -3.119420
 1715.000000 -3.128632
 1716.000000 2.945860
 1717.000000 -3.072624
 1718.000000 3.050927
 1719.000000 -2.990253
 1720.000000 -2.990862
 1721.000000 3.033028
 1722.000000 -3.066253
 1723.000000 2.934629
 1724.000000 2.990963
 1725.000000 3.089860
 1726.000000 -2.938020
 1727.000000 -3.099515
 1728.000000 3.129022
 1729.000000 2.944438
 1730.000000 3.038708
 1731.000000 -3.135731
 1732.000000 -2.873754
 1733.000000 2.983987
 1734.000000 -2.587617
 1735.000000 -3.123689
 1736.000000 -3.135149
 1737.000000 -2.964484
 1738.000000 -3.003250
 1739.000000 3.018424
 1740.000000 -3.017644
 1741.000000 3.123894
 1742.000000 -3.135663
 1743.000000 2.820025
 1744.000000 -2.961304
 1745.000000 3.132761
 1746.000000 -2.967205
 1747.000000 -2.737022
 1748.000000 -2.983751
 1749.000000 -2.987083
 1750.000000 3.115414
 1751.000000 -3.056390
 1752.000000 3.052134
 1753.000000 3.124622
 1754.000000 3.127196
 1755.000000 3.056378
 1756.000000 3.094246
 1757.000000 3.053620
 1758.000000 -3.011833
 1759.000000 -3.130848
 1760.000000 3.088155
 1761.000000 -2.887659
 1762.000000 3.088751
 1763.000000 -3.109171
 1764.000000 3.089922
 1765.000000 -2.994519
 1766.000000 3.099078
 1767.000000 2.959671
 1768.000000 3.124293
 1769.000000 -2.990287
 1770.000000 -3.075484
 1771.000000 2.997024
 1772.000000 3.087656
 1773.000000 -2.842706
 1774.000000 -3.083137
 1775.000000 -3.080551
 1776.000000 -3.112721
 1777.000000 3.126510
 1778.000000 3.108351
 1779.000000 -3.089685
 1780.000000 -2.832461
 1781.000000 3.039110
 1782.000000 2.815998
 1783.000000 3.109975
 1784.000000 -2.998857
 1785.000000 -3.123155
 1786.000000 3.002689
 1787.000000 3.126892
 1788.000000 -3.092060
 1789.000000 2.916824
 1790.000000 -3.096163
 1791.000000 -3.016526
 1792.000000 -2.885162
 1793.000000 -2.987357
 1794.000000 2.930535
 1795.000000 3.065038
 1796.000000 -3.107945
 1797.000000 -2.907619
 1798.000000 2.937151
 1799.000000 3.052746
 1800.000000 -3.005951
 1801.000000 2.806898
 1802.000000 3.036636
 1803.000000 -3.126374
 1804.000000 -3.057189
 1805.000000 2.905260
 1806.000000 2.976780
 1807.000000 3.056127
 1808.000000 3.114462
 1809.000000 -2.886788
 1810.000000 -3.083009
 1811.000000 -3.089397
 1812.000000 3.136739
 1813.000000 2.836798
 1814.000000 3.075640
 1815.000000 -2.867411
 1816.000000 2.962361
 1817.000000 -3.141107
 1818.000000 3.065563
 1819.000000 -3.061989
 1820.000000 -3.089587
 1821.000000 -3.004316
 1822.000000 2.943088
 1823.000000 -2.911073
 1824.000000 -3.088357
 1825.000000 3.086502
 1826.000000 -2.846429
 1827.000000 2.987803
 1828.000000 3.001296
 1829.000000 -2.829958
 1830.000000 -3.096733
 1831.000000 2.958827
 1832.000000 3.123750
 1833.000000 3.060492
 1834.000000 3.079021
 1835.000000 3.110843
 1836.000000 -3.062980
 1837.000000 -3.052170
 1838.000000 2.980087
 1839.000000 -3.127657
 1840.000000 -3.129743
 1841.000000 3.077499
 1842.000000 -3.072991
 1843.000000 -2.980185
 1844.000000 -2.874665
 1845.000000 -2.858493
 1846.000000 -2.520497
 1847.000000 -2.992234
 1848.000000 -3.106125
 1849.000000 3.099512
 1850.000000 -3.089444
 1851.000000 -2.971060
 1852.000000 3.127858
 1853.000000 -2.736843
 1854.000000 3.081932
 1855.000000 3.081289
 1856.000000 -2.874997
 1857.000000 -2.981600
 1858.000000 3.049887
 1859.000000 -3.005370
 1860.000000 -2.861935
 1861.000000 3.063934
 1862.000000 2.802766
 1863.000000 -2.823904
 1864.000000 -3.098735
 1865.000000 3.126322
 1866.000000 -3.137178
 1867.000000 -2.980087
 1868.000000 3.128882
 1869.000000 3.116759
 1870.000000 -2.768796
 1871.000000 2.920079
 1872.000000 -3.120788
 1873.000000 3.049122
 1874.000000 -3.029242
 1875.000000 3.085226
 1876.000000 -3.009307
 1877.000000 2.984137
 1878.000000 -2.942371
 1879.000000 3.014563
 1880.000000 -2.837824
 1881.000000 -2.936261
 1882.000000 3.141416
 1883.000000 3.110277
 1884.000000 3.042168
 1885.000000 -2.961738
 1886.000000 -3.028505
 1887.000000 3.017642
 1888.000000 3.119805
 1889.000000 -2.985255
 1890.000000 2.868618
 1891.000000 2.920887
 1892.000000 3.106011
 1893.000000 -2.890555
 1894.000000 3.137666
 1895.000000 -3.016393
 1896.000000 2.703417
 1897.000000 3.086685
 1898.000000 -3.023617
 1899.000000 2.926090
 1900.000000 -3.125266
 1901.000000 3.077823
 1902.000000 -2.982863
 1903.000000 3.008632
 1904.000000 -3.047147
 1905.000000 3.079388
 1906.000000 -2.986974
 1907.000000 3.065600
 1908.000000 3.066118
 1909.000000 3.116483
 1910.000000 3.035046
 1911.000000 -2.962265
 1912.000000 -3.132380
 1913.000000 -2.930407
 1914.000000 -2.851248
 1915.000000 -2.996285
 1916.000000 -3.032925
 1917.000000 -2.887043
 1918.000000 3.008709
 1919.000000 -2.876858
 1920.000000 -3.086101
 1921.000000 2.994416
 1922.000000 2.831471
 1923.000000 3.079177
 1924.000000 -3.043778
 1925.000000 -3.047243
 1926.000000 -2.709350
 1927.000000 3.086092
 1928.000000 2.963432
 1929.000000 -3.110482
 1930.000000 3.066314
 1931.000000 3.090696
 1932.000000 -3.135487
 1933.000000 2.980409
 1934.000000 3.077059
 1935.000000 2.849942
 1936.000000 3.036280
 1937.000000 2.728800
 1938.000000 3.105096
 1939.000000 2.993314
 1940.000000 -3.099938
 1941.000000 -3.105716
 1942.000000 -2.963441
 1943.000000 2.974314
 1944.000000 -2.796982
 1945.000000 -3.082518
 1946.000000 3.100238
 1947.000000 3.032248
 1948.000000 3.058289
 1949.000000 -3.075611
 1950.000000 2.894823
 1951.000000 2.860998
 1952.000000 2.909314
 1953.000000 -3.114069
 1954.000000 3.058127
 1955.000000 -3.032494
 1956.000000 -2.911816
 1957.000000 2.795856
 1958.000000 3.009207
 1959.000000 -3.104500
 1960.000000 3.139108
 1961.000000 -2.882553
 1962.000000 2.829637
 1963.000000 -3.053080
 1964.000000 -3.074797
 1965.000000 2.991613
 1966.000000 3.050628
 1967.000000 2.954424
 1968.000000 -2.964743
 1969.000000 -2.951177
 1970.000000 -3.072176
 1971.000000 2.877446
 1972.000000 -2.883314
 1973.000000 3.040100
 1974.000000 3.057789
 1975.000000 3.034389
 1976.000000 -2.968478
 1977.000000 3.099531
 1978.000000 2.965012
 1979.000000 3.026148
 1980.000000 -3.021655
 1981.000000 3.062427
 1982.000000 -2.992397
 1983.000000 3.017417
 1984.000000 3.064541
 1985.000000 -2.779059
 1986.000000 3.043639
 1987.000000 -2.681984
 1988.000000 2.854145
 1989.000000 3.075053
 1990.000000 -2.946216
 1991.000000 3.078834
 1992.000000 -3.128170
 1993.000000 3.135528
 1994.000000 2.971680
 1995.000000 2.964066
 1996.000000 2.803608
 1997.000000 -3.100700
 1998.000000 3.108965
 1999.000000 -2.814101
 2000.000000 -3.085010
 2001.000000 3.048897
 2002.000000 -3.048608
 2003.000000 2.927045
 2004.000000 3.023483
 2005.000000 3.060208
 2006.000000 2.931956
 2007.000000 3.088432
 2008.000000 3.071262
 2009.000000 3.126768
 2010.000000 3.108901
 2011.000000 -2.800427
 2012.000000 3.051211
 2013.000000 2.998611
 2014.000000 3.089970
 2015.000000 2.775650
 2016.000000 2.862521
 2017.000000 -2.931928
 2018.000000 2.919162
 2019.000000 3.094643
 2020.000000 -3.013435
 2021.000000 3.037370
 2022.000000 -2.904275
 2023.000000 -2.919386
 2024.000000 2.980528
 2025.000000 -3.010312
 2026.000000 3.052014
 2027.000000 3.130661
 2028.000000 -3.022456
 2029.000000 -2.931798
 2030.000000 3.067563
 2031.000000 2.922381
 2032.000000 2.751064
 2033.000000 3.109297
 2034.000000 -3.126421
 2035.000000 3.078086
 2036.000000 3.070731
 2037.000000 3.115720
 2038.000000 -2.935736
 2039.000000 2.843844
 2040.000000 2.948315
 2041.000000 -3.128478
 2042.000000 3.017096
 2043.000000 2.864367
 2044.000000 -2.937535
 2045.000000 3.024946
 2046.000000 2.863689
 2047.000000 3.122542
 2048.000000 -3.032938
 2049.000000 -3.074525
 2050.000000 2.969173
 2051.000000 2.906672
 2052.000000 3.119171
 2053.000000 3.120860
 2054.000000 -3.091828
 2055.000000 -2.953987
 2056.000000 -2.984289
 2057.000000 3.114243
 2058.000000 -2.852830
 2059.000000 -2.981610
 2060.000000 -2.908613
 2061.000000 -3.089918
 2062.000000 -2.933733
 2063.000000 -2.948805
 2064.000000 -2.986082
 2065.000000 3.071565
 2066.000000 2.947596
 2067.000000 3.074810
 2068.000000 -3.080182
 2069.000000 -3.022601
 2070.000000 3.056740
 2071.000000 -3.068067
 2072.000000 3.072754
 2073.000000 3.023760
 2074.000000 -2.954967
 2075.000000 -3.080578
 2076.000000 -2.881470
 2077.000000 3.032266
 2078.000000 3.019096
 2079.000000 3.054713
 2080.000000 2.963829
 2081.000000 -2.874476
 2082.000000 -2.828371
 2083.000000 3.019735
 2084.000000 -3.102539
 2085.000000 3.104728
 2086.000000 -2.996966
 2087.000000 -2.943915
 2088.000000 -3.016840
 2089.000000 -2.840947
 2090.000000 -2.894542
 2091.000000 2.947713
 2092.000000 -2.768752
 2093.000000 2.970701
 2094.000000 -2.854986
 2095.000000 -3.139360
 2096.000000 -2.943125
 2097.000000 -2.909593
 2098.000000 -3.023703
 2099.000000 -3.140110
 2100.000000 -3.043917
 2101.000000 -3.116638
 2102.000000 -2.991444
 2103.000000 3.122825
 2104.000000 2.950357
 2105.000000 3.059570
 2106.000000 3.055505
 2107.000000 3.128532
 2108.000000 2.988417
 2109.000000 -2.947222
 2110.000000 -2.947203
 2111.000000 3.033448
 2112.000000 -3.073406
 2113.000000 -2.938152
 2114.000000 3.133469
 2115.000000 -2.887533
 2116.000000 2.910718
 2117.000000 -2.903031
 2118.000000 3.010292
 2119.000000 3.130382
 2120.000000 -2.925597
 2121.000000 3.041720
 2122.000000 -3.093945
 2123.000000 2.899346
 2124.000000 2.926667
 2125.000000 -2.731046
 2126.000000 2.931733
 2127.000000 2.970646
 2128.000000 -3.106963
 2129.000000 -3.104334
 2130.000000 -2.785868
 2131.000000 -3.139925
 2132.000000 3.010306
 2133.000000 -3.092796
 2134.000000 2.938528
 2135.000000 3.071851
 2136.000000 -3.113657
 2137.000000 3.133738
 2138.000000 -3.118033
 2139.000000 -2.930322
 2140.000000 -2.471561
 2141.000000 -3.134807
 2142.000000 2.795008
 2143.000000 3.021331
 2144.000000 -3.117882
 2145.000000 3.027353
 2146.000000 -3.103470
 2147.000000 2.992122
 2148.000000 -3.007265
 2149.000000 3.090531
 2150.000000 2.914770
 2151.000000 2.946563
 2152.000000 -2.942378
 2153.000000 -3.033743
 2154.000000 -3.064500
 2155.000000 -2.883605
 2156.000000 3.063792
 2157.000000 2.933170
 2158.000000 -3.029448
 2159.000000 -2.991041
 2160.000000 2.951608
 2161.000000 2.988931
 2162.000000 3.059894
 2163.000000 -3.058182
 2164.000000 -2.986439
 2165.000000 -2.898874
 2166.000000 -3.009496
 2167.000000 3.054187
 2168.000000 -3.022009
 2169.000000 3.087745
 2170.000000 3.089800
 2171.000000 2.949780
 2172.000000 -3.015396
 2173.000000 2.839698
 2174.000000 2.986717
 2175.000000 -2.804411
 2176.000000 -2.948973
 2177.000000 -2.819724
 2178.000000 3.012445
 2179.000000 -3.052410
 2180.000000 2.997029
 2181.000000 3.065754
 2182.000000 3.083038
 2183.000000 -3.035993
 2184.000000 2.946278
 2185.000000 -2.740851
 2186.000000 -3.008631
 2187.000000 3.129704
 2188.000000 3.011136
 2189.000000 -3.125876
 2190.000000 -2.924580
 2191.000000 -2.904833
 2192.000000 -2.916833
 2193.000000 3.008424
 2194.000000 3.032613
 2195.000000 -2.927604
 2196.000000 -3.078606
 2197.000000 2.843705
 2198.000000 2.858067
 2199.000000 2.909329
 2200.000000 3.124955
 2201.000000 2.966504
 2202.000000 -2.968660
 2203.000000 3.043112
 2204.000000 3.121191
 2205.000000 2.699788
 2206.000000 -2.991214
 2207.000000 -3.076347
 2208.000000 3.042680
 2209.000000 2.782848
 2210.000000 -2.923373
 2211.000000 -3.045228
 2212.000000 3.110774
 2213.000000 -3.075843
 2214.000000 -2.918285
 2215.000000 2.853393
 2216.000000 2.944089
 2217.000000 3.031023
 2218.000000 -3.009991
 2219.000000 3.087234
 2220.000000 -3.114175
 2221.000000 -3.058298
 2222.000000 3.023241
 2223.000000 3.019728
 2224.000000 3.119227
 2225.000000 3.041085
 2226.000000 -3.024068
 2227.000000 -2.884787
 2228.000000 -3.121257
 2229.000000 -3.098141
 2230.000000 -2.936258
 2231.000000 -2.924919
 2232.000000 -2.846233
 2233.000000 3.072572
 2234.000000 -3.103542
 2235.000000 3.099572
 2236.000000 3.071893
 2237.000000 3.091693
 2238.000000 -2.669624
 2239.000000 3.035157
 2240.000000 3.031961
 2241.000000 -2.952670
 2242.000000 3.011133
 2243.000000 3.060009
 2244.000000 -3.077227
 2245.000000 -2.961483
 2246.000000 -2.960964
 2247.000000 -2.871003
 2248.000000 3.109991
 2249.000000 -2.742754
 2250.000000 -3.058085
 2251.000000 3.021518
 2252.000000 3.066064
 2253.000000 -2.987758
 2254.000000 2.986245
 2255.000000 2.715438
 2256.000000 -3.049475
 2257.000000 -2.907343
 2258.000000 -2.931209
 2259.000000 3.018062
 2260.000000 -2.725851
 2261.000000 -3.093693
 2262.000000 3.041571
 2263.000000 -3.001618
 2264.000000 -3.052316
 2265.000000 -3.065381
 2266.000000 -2.806540
 2267.000000 3.100424
 2268.000000 -2.937400
 2269.000000 -2.945367
 2270.000000 3.106841
 2271.000000 -2.774553
 2272.000000 2.913806
 2273.000000 2.948195
 2274.000000 2.989281
 2275.000000 -2.941896
 2276.000000 -2.984626
 2277.000000 -2.834505
 2278.000000 3.068837
 2279.000000 3.005793
 2280.000000 3.033815
 2281.000000 3.127402
 2282.000000 -2.932077
 2283.000000 2.935202
 2284.000000 -2.801520
 2285.000000 -3.111187
 2286.000000 -2.907591
 2287.000000 -2.967785
 2288.000000 -2.956962
 2289.000000 -3.066326
 2290.000000 -3.026525
 2291.000000 3.051628
 2292.000000 -2.977794
 2293.000000 -3.068781
 2294.000000 -3.127264
 2295.000000 -3.090012
 2296.000000 -3.140171
 2297.000000 3.064757
 2298.000000 2.945015
 2299.000000 3.131238
 2300.000000 -3.056938
 2301.000000 -3.136507
 2302.000000 3.069648
 2303.000000 2.966338
 2304.000000 -2.976713
 2305.000000 -2.961360
 2306.000000 3.052476
 2307.000000 2.925652
 2308.000000 2.929479
 2309.000000 2.922075
 2310.000000 3.131120
 2311.000000 -3.017685
 2312.000000 2.941501
 2313.000000 2.940010
 2314.000000 3.063496
 2315.000000 -2.938311
 2316.000000 -3.014278
 2317.000000 -3.085355
 2318.000000 3.134042
 2319.000000 3.077242
 2320.000000 -3.103950
 2321.000000 -2.973240
 2322.000000 -3.044655
 2323.000000 -2.727654
 2324.000000 3.140701
 2325.000000 3.021804
 2326.000000 3.080811
 2327.000000 -2.939403
 2328.000000 -3.126146
 2329.000000 2.768115
 2330.000000 -2.796704
 2331.000000 -3.038334
 2332.000000 -2.860311
 2333.000000 -2.919444
 2334.000000 3.108252
 2335.000000 2.920645
 2336.000000 -2.996706
 2337.000000 2.808061
 2338.000000 3.001277
 2339.000000 -2.782942
 2340.000000 2.876139
 2341.000000 3.128853
 2342.000000 -3.062432
 2343.000000 2.834032
 2344.000000 3.067742
 2345.000000 3.114923
 2346.000000 -2.998010
 2347.000000 -3.062325
 2348.000000 -3.000514
 2349.000000 -2.990901
 2350.000000 -3.117976
 2351.000000 2.987040
 2352.000000 -3.115925
 2353.000000 -3.102979
 2354.000000 -3.073695
 2355.000000 2.957235
 2356.000000 3.041004
 2357.000000 3.090272
 2358.000000 3.086628
 2359.000000 2.941668
 2360.000000 -3.108188
 2361.000000 -3.103105
 2362.000000 -3.050815
 2363.000000 -2.970837
 2364.000000 -3.082418
 2365.000000 3.137387
 2366.000000 2.978790
 2367.000000 -2.790939
 2368.000000 -2.989733
 2369.000000 -2.798040
 2370.000000 2.829266
 2371.000000 -3.089341
 2372.000000 3.029532
 2373.000000 2.886249
 2374.000000 -3.128869
 2375.000000 2.806409
 2376.000000 2.955655
 2377.000000 3.118570
 2378.000000 -3.044585
 2379.000000 -2.945837
 2380.000000 -3.140549
 2381.000000 -2.944966
 2382.000000 -2.737253
 2383.000000 -3.125827
 2384.000000 2.925933
 2385.000000 -2.992404
 2386.000000 -3.117508
 2387.000000 2.808292
 2388.000000 -2.907832
 2389.000000 2.971925
 2390.000000 3.032776
 2391.000000 -3.004985
 2392.000000 -2.946697
 2393.000000 -2.973490
 2394.000000 2.872437
 2395.000000 2.862564
 2396.000000 2.878017
 2397.000000 -3.090328
 2398.000000 3.091031
 2399.000000 3.008538
 2400.000000 3.021085
 2401.000000 3.128468
 2402.000000 3.068247
 2403.000000 2.990234
 2404.000000 -3.034378
 2405.000000 2.776092
 2406.000000 3.048667
 2407.000000 -3.044046
 2408.000000 -3.059222
 2409.000000 3.024392
 2410.000000 2.777776
 2411.000000 3.069378
 2412.000000 -2.844304
 2413.000000 -3.129632
 2414.000000 3.037855
 2415.000000 3.092307
 2416.000000 -3.132261
 2417.000000 2.954740
 2418.000000 3.004633
 2419.000000 -3.043448
 2420.000000 -3.015932
 2421.000000 -2.931180
 2422.000000 2.910012
 2423.000000 3.117786
 2424.000000 -3.141567
 2425.000000 2.842667
 2426.000000 2.857800
 2427.000000 -2.843986
 2428.000000 -3.038338
 2429.000000 -2.806796
 2430.000000 -2.957487
 2431.000000 -3.120537
 2432.000000 3.107114
 2433.000000 3.112258
 2434.000000 -2.961148
 2435.000000 -2.972396
 2436.000000 3.113532
 2437.000000 -3.134726
 2438.000000 3.071917
 2439.000000 3.131463
 2440.000000 -2.959455
 2441.000000 3.062535
 2442.000000 -3.058553
 2443.000000 3.052546
 2444.000000 -3.071397
 2445.000000 -2.948887
 2446.000000 2.947297
 2447.000000 3.095375
 2448.000000 -2.953886
 2449.000000 -3.081979
 2450.000000 -2.619027
 2451.000000 3.013795
 2452.000000 3.088510
 2453.000000 -2.922538
 2454.000000 2.892374
 2455.000000 3.037423
 2456.000000 -3.035605
 2457.000000 3.026513
 2458.000000 2.891944
 2459.000000 -2.981328
 2460.000000 -3.017145
 2461.000000 -3.063732
 2462.000000 3.048767
 2463.000000 -2.799383
 2464.000000 -3.081204
 2465.000000 -2.838999
 2466.000000 -3.113241
 2467.000000 2.927447
 2468.000000 3.058322
 2469.000000 2.616527
 2470.000000 -2.925177
 2471.000000 3.116801
 2472.000000 3.071982
 2473.000000 -2.894386
 2474.000000 -3.131685
 2475.000000 -3.051089
 2476.000000 -3.014617
 2477.000000 -3.068189
 2478.000000 3.102713
 2479.000000 3.047913
 2480.000000 3.042033
 2481.000000 -2.990402
 2482.000000 -3.006940
 2483.000000 3.083194
 2484.000000 2.917254
 2485.000000 -3.124122
 2486.000000 -2.967541
 2487.000000 -3.038237
 2488.000000 2.989737
 2489.000000 2.996309
 2490.000000 -3.105721
 2491.000000 -2.803563
 2492.000000 -3.080306
 2493.000000 -3.000733
 2494.000000 -2.836569
 2495.000000 -3.035691
 2496.000000 2.926049
 2497.000000 -2.950554
 2498.000000 3.130467
 2499.000000 2.943102
 2500.000000 3.037154
